lastAccountName: _LendarioBR_
timestamps:
  login: 1493405442555
  kits:
    explorer: 1493399870404
    pvp: 1493404849519
    iniciante: 1493403258369
    novato: 1493401775986
  lastteleport: 1493405426054
  logout: 1493405444755
ipAddress: 186.212.108.223
lastlocation:
  world: world
  x: 9467.984958219799
  y: 103.5
  z: -3192.3662056337876
  yaw: -103.60574
  pitch: 11.194442
logoutlocation:
  world: world
  x: 9454.5
  y: 102.5
  z: -3203.5
  yaw: -289.11774
  pitch: 12.043245
