lastAccountName: INUTIU
timestamps:
  login: 1492971322613
  kits:
    explorer: 1492971368617
    pvp: 1492971348308
    novato: 1492971694530
  lastteleport: 1492971657635
  logout: 1492971696930
ipAddress: 179.221.213.10
lastlocation:
  world: world
  x: 9266.06212765545
  y: 99.0
  z: 1552.4910028358258
  yaw: -337.89917
  pitch: 1.0401325
logoutlocation:
  world: world
  x: 9261.027440294658
  y: 111.0625
  z: 1550.9143709174014
  yaw: -187.586
  pitch: 7.4436274
money: '12785.714285714286'
