lastAccountName: Gabriel0811
timestamps:
  login: 1493306162408
  lastteleport: 1493307101375
  kits:
    explorer: 1493306500091
    pvp: 1493306513341
  logout: 1493307183019
ipAddress: 177.222.229.198
lastlocation:
  world: plotworld
  x: 199.3860672335217
  y: 65.0
  z: -30.4279217001883
  yaw: -5.035825
  pitch: -37.949993
logoutlocation:
  world: plotworld
  x: 309.26286627348213
  y: 65.0
  z: 85.65040986579993
  yaw: -174.5886
  pitch: -73.19999
money: '1718.75'
