lastAccountName: Skizz
timestamps:
  login: 1493677106203
  logout: 1493678250012
  kits:
    capitao: 1493483608810
    coronel: 1493483688352
    gaia: 1493662542507
    pvp: 1493082310767
    caos: 1493662425874
    iniciante: 1492963740475
    novato: 1493487622323
    infernal: 1493661834798
    general: 1493669940365
    zeus: 1493663749908
    marechal: 1493669356124
    explorer: 1493412791657
    cronos: 1493663133381
    farm: 1493308819512
    athena: 1493668907341
    vip: 1493661895433
    vipexplorer: 1493661867018
    hades: 1493669149896
    platina: 1493670783239
  lastteleport: 1493677902742
ipAddress: 131.255.79.1
logoutlocation:
  world: world
  x: 9402.400514750161
  y: 125.0
  z: -1066.6281531508794
  yaw: -262.46924
  pitch: 47.419315
lastlocation:
  world: world
  x: 9454.155798219479
  y: 105.99020802392478
  z: -3206.8373634722616
  yaw: -1.4404297
  pitch: 62.70437
godmode: false
money: '276480.0'
