lastAccountName: z_ghost_
timestamps:
  login: 1493223067626
  kits:
    explorer: 1493139641730
    pvp: 1493140615387
    iniciante: 1493140509569
  lastteleport: 1493223159105
  logout: 1493223338114
ipAddress: 187.22.131.103
lastlocation:
  world: world
  x: 9454.025540705636
  y: 103.0
  z: -3203.5033691364224
  yaw: -269.10977
  pitch: 83.40004
logoutlocation:
  world: world
  x: 9442.288324946023
  y: 103.0
  z: -3200.7700562911773
  yaw: -10.068096
  pitch: 50.02934
money: '2090.5257936507915'
