lastAccountName: luriamPvP12
timestamps:
  login: 1493597967483
  logout: 1493597969237
ipAddress: 191.187.209.26
lastlocation:
  world: world
  x: -124.0
  y: 64.0
  z: -228.0
  yaw: 0.0
  pitch: 0.0
logoutlocation:
  world: world
  x: 9454.5
  y: 102.5
  z: -3203.5
  yaw: -269.58847
  pitch: -0.72709787
money: '0.0'
