lastAccountName: braga555
timestamps:
  login: 1493585564560
  logout: 1493585622210
  lastteleport: 1493568845375
  kits:
    infernal: 1493568175060
    vipexplorer: 1493568217660
ipAddress: 186.237.233.28
logoutlocation:
  world: world
  x: 9458.699999988079
  y: 103.0
  z: -3190.169256357863
  yaw: -276.1885
  pitch: 36.44999
lastlocation:
  world: world
  x: -1307.5
  y: 159.0
  z: -5191.5
  yaw: 107.25455
  pitch: 38.659233
money: '0.0'
