lastAccountName: sytemOWNER
timestamps:
  login: 1528863531277
  logout: 1528863562477
ipAddress: 177.15.96.54
lastlocation:
  world: world
  x: -414.4926697623483
  y: 51.0
  z: 59.5279402165941
  yaw: -90.0813
  pitch: -0.26828748
logoutlocation:
  world: world
  x: -408.19416606357345
  y: 51.0
  z: 59.52409928342221
  yaw: -90.0813
  pitch: -0.26828748
