lastAccountName: zLoki_
timestamps:
  login: 1493497639759
  kits:
    explorer: 1493497666217
  lastteleport: 1493498396777
  logout: 1493498525761
ipAddress: 200.97.180.3
lastlocation:
  world: world
  x: 1542.2375896974488
  y: 79.0
  z: -314.69999998807907
  yaw: -264.4294
  pitch: 4.2839313
money: '115167.19357638889'
logoutlocation:
  world: world
  x: 9454.463798302468
  y: 102.5
  z: -3203.593220884009
  yaw: -2.0131226
  pitch: -3.8069549
