lastAccountName: ZluskinhaXD
timestamps:
  login: 1493607442310
  logout: 1493608535755
  kits:
    explorer: 1493607462070
  lastteleport: 1493608191397
ipAddress: 131.255.230.201
lastlocation:
  world: world
  x: 2116.134831230382
  y: 56.5
  z: -2013.6069620901176
  yaw: 89.41403
  pitch: 14.392304
logoutlocation:
  world: world
  x: 1606.300000011921
  y: 79.5
  z: -311.30000001192093
  yaw: -6.360818
  pitch: 90.0
