lastAccountName: OxyPvP_
timestamps:
  login: 1493653729377
  kits:
    gaia: 1493570468659
    explorer: 1493417044741
    diamante: 1493570517331
    vip: 1493570418429
    caos: 1493570428339
    novato: 1493585644330
  lastteleport: 1493585858992
  logout: 1493653817183
ipAddress: 170.246.132.80
lastlocation:
  world: world
  x: 9279.940697207021
  y: 109.0
  z: 1568.0057826367308
  yaw: 116.9358
  pitch: 27.436462
logoutlocation:
  world: plotworld
  x: -316.7080094664876
  y: 65.875
  z: -350.6822215793185
  yaw: -119.2128
  pitch: 14.803876
nickname: §5§l§nPrecioso
