lastAccountName: filhodocauan21
timestamps:
  login: 1492973371070
  kits:
    explorer: 1492972286109
  lastteleport: 1492972832011
  logout: 1492973453713
ipAddress: 198.144.105.197
lastlocation:
  world: world
  x: 9278.324087371358
  y: 111.5
  z: 1588.1560673755687
  yaw: -353.64114
  pitch: -0.043123126
logoutlocation:
  world: plotworld
  x: -12.699098313363924
  y: 65.0
  z: 138.57738814230402
  yaw: -259.86337
  pitch: -26.410345
money: '18966.42857142857'
