lastAccountName: SubzeroG0D
timestamps:
  login: 1493487513029
  kits:
    explorer: 1493487531799
  lastteleport: 1493487548955
  logout: 1493487581468
ipAddress: 191.43.32.76
lastlocation:
  world: world
  x: 9456.848999468233
  y: 103.0
  z: -3205.445118606894
  yaw: -87.48856
  pitch: 4.3729014
logoutlocation:
  world: world
  x: 1767.0468133797344
  y: 79.0
  z: -314.7221345796042
  yaw: 209.2016
  pitch: 19.218824
