lastAccountName: Darkzs
timestamps:
  login: 1528996177471
  lastteleport: 1528996196706
  logout: 1528996319652
  kits:
    expert: 1528842715344
    mestred: 1528843081844
    herobrine: 1528939357043
ipAddress: 189.35.145.19
lastlocation:
  world: Mina
  x: 873.5068315332092
  y: 17.490147966047267
  z: -1257.654089299736
  yaw: -66.727234
  pitch: 36.963516
homes:
  vip:
    world: SpawnVip
    x: -2.3595074994906557
    y: 4.0
    z: 6.5569016277074095
    yaw: -178.96606
    pitch: 11.25704
  k:
    world: SpawnVip
    x: -1.4865347585321373
    y: 7.0
    z: 44.527244214008306
    yaw: -1.7705688
    pitch: 6.5216637
  k2:
    world: SpawnVip
    x: -0.9852535961533417
    y: 9.0
    z: 43.93448303912306
    yaw: 179.70859
    pitch: 1.6510571
  ks:
    world: SpawnVip
    x: -1.4865347585321373
    y: 7.0
    z: 44.527244214008306
    yaw: -1.7705688
    pitch: 6.5216637
  vipmeio:
    world: SpawnVip
    x: -1183.6636378074422
    y: 152.0
    z: 1306.4335368532122
    yaw: -271.2448
    pitch: 38.992985
logoutlocation:
  world: world
  x: -416.2686003066446
  y: 51.0
  z: 60.4589501969943
  yaw: -12.4904785
  pitch: 7.468731
money: '2008045.0'
