lastAccountName: VitaminaDeBanana
timestamps:
  login: 1493598137178
  kits:
    prata: 1493488847858
    ouro: 1493488911103
    explorer: 1492970566188
    recruta: 1493596628750
    pvp: 1493598665102
    bronze: 1493489043720
    soldado: 1493313144508
    novato: 1493489193248
    platina: 1493570702798
  lastteleport: 1493598673216
  logout: 1493598762141
ipAddress: 177.222.229.242
lastlocation:
  world: world
  x: 9452.438520450605
  y: 103.5
  z: -3203.366072824527
  yaw: -288.60974
  pitch: -0.44997126
logoutlocation:
  world: world
  x: 9451.927668140168
  y: 103.5
  z: -3202.2211126870757
  yaw: -273.15964
  pitch: 21.899996
money: '1153330.18426587287'
homes:
  h:
    world: plotworld
    x: -418.54662344719276
    y: 65.0
    z: -75.66030723534902
    yaw: -195.3432
    pitch: 42.243034
  loja:
    world: plotworld
    x: -107.44619410497195
    y: 66.0
    z: 145.14304135118496
    yaw: 3.4500122
    pitch: 28.049992
