lastAccountName: SrMister245
timestamps:
  login: 1493510976859
  kits:
    prata: 1493510280033
    explorer: 1493506578097
    recruta: 1493510525967
    pvp: 1493508139472
    iniciante: 1493510101000
    novato: 1493507983698
    bronze: 1493510290750
    soldado: 1493510530623
  lastteleport: 1493511193730
  logout: 1493512142127
ipAddress: 187.14.200.59
lastlocation:
  world: world
  x: 9275.340636103872
  y: 113.875
  z: 1594.9808509330273
  yaw: -15.030324
  pitch: 28.667147
logoutlocation:
  world: world
  x: 9463.699999988079
  y: 102.0
  z: -3207.699999988079
  yaw: -104.23828
  pitch: 21.658724
