lastAccountName: BieelUEP
timestamps:
  login: 1493323834534
  lastteleport: 1493323925672
  kits:
    explorer: 1493323980779
    pvp: 1493323942718
  logout: 1493324273852
ipAddress: 189.55.168.22
lastlocation:
  world: world
  x: 9455.907786787953
  y: 100.0
  z: -3242.9143404288434
  yaw: -282.03882
  pitch: 25.372936
logoutlocation:
  world: world
  x: 1764.8122979799084
  y: 79.0
  z: -314.99591119321593
  yaw: 184.302
  pitch: 11.099999
money: '5541.666666666666'
