lastAccountName: Nuno24Sniper
timestamps:
  login: 1493676656146
  lastteleport: 1493666208077
  kits:
    explorer: 1493129690539
    pvp: 1493129660910
    novato: 1493129706790
  logout: 1493676702958
ipAddress: 89.109.123.191
lastlocation:
  world: plotworld
  x: 105.69999998807907
  y: 64.5
  z: 2436.3153284295936
  yaw: 41.34989
  pitch: -22.949991
money: '42660.0'
logoutlocation:
  world: plotworld
  x: 85.74078974432885
  y: 65.0
  z: 214.41735821063895
  yaw: 273.7699
  pitch: 11.550013
