lastAccountName: PretoLixo
timestamps:
  login: 1493483276626
  lastteleport: 1493483293336
  kits:
    explorer: 1493406313929
    pvp: 1493406695758
  logout: 1493483502526
ipAddress: 186.229.95.72
lastlocation:
  world: plotworld
  x: -61.07929723632017
  y: 65.0
  z: 7.363875130891248
  yaw: -9.965118
  pitch: 24.596169
logoutlocation:
  world: world
  x: 765.9283835276588
  y: 83.20000004768372
  z: -1013.6999999880791
  yaw: -342.98358
  pitch: 22.52103
