lastAccountName: netopvp12
timestamps:
  login: 1493392791894
  kits:
    explorer: 1493387982831
    pvp: 1493387998353
  lastteleport: 1493388770846
  logout: 1493392843025
ipAddress: 179.108.250.164
lastlocation:
  world: plotworld
  x: 177.98413248172176
  y: 57.0
  z: -115.3684016513419
  yaw: -278.12988
  pitch: 10.618689
logoutlocation:
  world: plotworld
  x: 109.92636677340754
  y: 65.5
  z: 139.54469026981036
  yaw: -272.4001
  pitch: 17.550034
