lastAccountName: tavin_exe
timestamps:
  login: 1493598049445
  logout: 1493599827180
  kits:
    explorer: 1492975893000
    pvp: 1493598183746
  lastteleport: 1493598882484
ipAddress: 177.66.235.10
lastlocation:
  world: world
  x: 9264.548546647036
  y: 111.0
  z: 1580.1850183983229
  yaw: -356.10364
  pitch: 17.555254
logoutlocation:
  world: world
  x: 9447.710288274371
  y: 100.0
  z: -3231.165455458166
  yaw: -211.24522
  pitch: 9.971044
money: '0.0'
