lastAccountName: spektra01
timestamps:
  login: 1493650326812
  kits:
    explorer: 1493419930724
    novato: 1493650669987
  lastteleport: 1493650641603
  logout: 1493650699994
ipAddress: 179.215.206.21
lastlocation:
  world: world
  x: 1791.6993563342799
  y: 79.0
  z: -315.72214842888405
  yaw: 156.15332
  pitch: -0.30002537
logoutlocation:
  world: world
  x: 1739.983567078324
  y: 80.0
  z: -329.89275868437056
  yaw: 173.2153
  pitch: 3.6188571
