lastAccountName: MeninuLindo
timestamps:
  login: 1493325590948
  logout: 1493325609821
ipAddress: 201.43.233.14
lastlocation:
  world: world
  x: -124.0
  y: 64.0
  z: -228.0
  yaw: 0.0
  pitch: 0.0
logoutlocation:
  world: world
  x: 9446.957888153624
  y: 103.0
  z: -3204.022193049095
  yaw: -265.24988
  pitch: 32.652145
money: '0.0'
