lastAccountName: zBlackWindow
timestamps:
  login: 1493158365215
  kits:
    explorer: 1492975297390
  lastteleport: 1492975312046
  logout: 1493158384663
ipAddress: 189.12.202.104
lastlocation:
  world: world
  x: 9435.079473107342
  y: 104.0
  z: -3200.643780009511
  yaw: -271.83847
  pitch: 0.022902137
logoutlocation:
  world: world
  x: 9454.5
  y: 102.5
  z: -3203.5
  yaw: -272.2053
  pitch: -0.29142234
money: '0.0'
