lastAccountName: dounada
timestamps:
  login: 1493676637072
  kits:
    explorer: 1492967076905
    pvp: 1493064922124
  lastteleport: 1493677489557
  logout: 1493675710346
ipAddress: 189.5.225.121
lastlocation:
  world: world
  x: 9457.271675396865
  y: 103.0
  z: -3200.091270752566
  yaw: -260.10974
  pitch: 33.900055
logoutlocation:
  world: world
  x: 9454.5
  y: 102.5
  z: -3203.5
  yaw: -266.1385
  pitch: 23.272903
money: '0.0'
