lastAccountName: Lordedark
timestamps:
  login: 1493484954342
  lastteleport: 1493485058641
  kits:
    explorer: 1493485068801
ipAddress: 191.222.42.209
lastlocation:
  world: world
  x: 1792.991689291921
  y: 79.0
  z: -314.1703581942496
  yaw: -116.40022
  pitch: 7.4999595
