lastAccountName: VaporWave_Andre
timestamps:
  login: 1493477960705
  kits:
    explorer: 1493477977458
    pvp: 1493477974058
  lastteleport: 1493478032558
  logout: 1493478064514
ipAddress: 179.212.91.7
lastlocation:
  world: world
  x: 1764.6121044088427
  y: 79.0
  z: -312.6703501840352
  yaw: -348.91525
  pitch: 16.135166
logoutlocation:
  world: world
  x: 2128.094224929462
  y: 56.0
  z: -2007.5059491504776
  yaw: 282.77676
  pitch: -9.78534
