lastAccountName: Spop_
timestamps:
  login: 1493002495424
  lastteleport: 1493002966873
  kits:
    pvp: 1493002588397
  logout: 1493002994954
ipAddress: 201.37.160.194
lastlocation:
  world: world
  x: 424.49149839671185
  y: 30.0
  z: -2284.6772538958317
  yaw: 46.564995
  pitch: 26.744696
logoutlocation:
  world: world
  x: 9453.98231981838
  y: 103.0
  z: -3203.300000011921
  yaw: -313.19122
  pitch: 13.057311
money: '0.0'
