lastAccountName: jonatasgplays
timestamps:
  login: 1492985543449
  kits:
    explorer: 1492985591618
  lastteleport: 1492985639710
  logout: 1492986146291
ipAddress: 177.13.11.21
lastlocation:
  world: world
  x: 9455.625664804425
  y: 104.0
  z: -3203.7635131117568
  yaw: 0.33911133
  pitch: 19.598492
logoutlocation:
  world: world
  x: 1779.5985741514748
  y: 80.0
  z: -311.84926500334456
  yaw: 269.7033
  pitch: 14.493966
money: '16382.14285714286'
