lastAccountName: Mine1190
timestamps:
  login: 1493668150045
  lastteleport: 1493669696396
  kits:
    explorer: 1493668257334
    iniciante: 1493669506615
    novato: 1493668791458
  logout: 1493669835417
ipAddress: 177.82.243.104
lastlocation:
  world: world
  x: -5416.929829633598
  y: 132.5
  z: -3189.530541203819
  yaw: 136.49033
  pitch: 38.77366
logoutlocation:
  world: world
  x: -5417.22387601616
  y: 134.0
  z: -3184.551882780806
  yaw: 267.2906
  pitch: 57.073586
