lastAccountName: Brian_Santos
timestamps:
  login: 1493431721426
  logout: 1493431849581
ipAddress: 201.95.0.159
lastlocation:
  world: world
  x: -124.0
  y: 64.0
  z: -228.0
  yaw: 0.0
  pitch: 0.0
logoutlocation:
  world: world
  x: 9454.96043078034
  y: 102.0
  z: -3224.0205923725675
  yaw: -183.97156
  pitch: 12.898432
