lastAccountName: aiKryanZ_
timestamps:
  login: 1493595226799
  logout: 1493600480880
  kits:
    prata: 1493597289568
    ouro: 1493598346717
    explorer: 1493595250989
    recruta: 1493596266199
    diamante: 1493598282644
    pvp: 1493595418324
    iniciante: 1493596261947
    novato: 1493595767213
    platina: 1493598325550
    bronze: 1493598374772
    soldado: 1493598397631
  lastteleport: 1493599881952
ipAddress: 189.25.98.71
lastlocation:
  world: plotworld
  x: 321.4902407126917
  y: 65.0
  z: -30.368712391537542
  yaw: -92.999985
  pitch: 21.749994
logoutlocation:
  world: world
  x: 1288.2541475538424
  y: 79.0
  z: -312.34179854109954
  yaw: 80.1007
  pitch: 7.349926
money: '10190.11904762006'
