lastAccountName: JhonyLMAO
timestamps:
  login: 1493069504891
  logout: 1493069509438
  lastteleport: 1493063966314
ipAddress: 187.56.95.150
lastlocation:
  world: world
  x: 2113.3310425936943
  y: 57.0
  z: -2014.4936715982153
  yaw: -237.20027
  pitch: 14.550144
logoutlocation:
  world: world
  x: 9454.5
  y: 102.5
  z: -3203.5
  yaw: -267.93863
  pitch: 9.322903
money: '0.0'
