lastAccountName: LinoMG
timestamps:
  login: 1528844575942
  logout: 1528845801253
  kits:
    villager: 1528768476022
    basico: 1528768830868
  lastteleport: 1528845438059
ipAddress: 177.185.20.66
lastlocation:
  world: world
  x: -415.500825096447
  y: 51.0
  z: 60.497304806387625
  yaw: 89.89877
  pitch: 11.220174
logoutlocation:
  world: Mina
  x: 879.062407044418
  y: 67.0
  z: -1246.5913745644236
  yaw: -88.36408
  pitch: 31.810213
