lastAccountName: LinoMG
timestamps:
  login: 1528920248622
  logout: 1528920355996
  kits:
    villager: 1528768476022
    basico: 1528768830868
  lastteleport: 1528845438059
ipAddress: 177.185.20.66
lastlocation:
  world: world
  x: -415.500825096447
  y: 51.0
  z: 60.497304806387625
  yaw: 89.89877
  pitch: 11.220174
logoutlocation:
  world: Mina
  x: 894.6999999880791
  y: 66.0
  z: -1248.583763121795
  yaw: -138.13304
  pitch: 24.292074
