lastAccountName: Decow
timestamps:
  login: 1493603948509
  kits:
    explorer: 1493429091325
    pvp: 1493517952827
  lastteleport: 1493604041031
  logout: 1493604139587
ipAddress: 177.188.234.221
lastlocation:
  world: world
  x: 9419.571860906686
  y: 100.0
  z: -3198.832263614876
  yaw: 98.53526
  pitch: 8.838732
logoutlocation:
  world: plotworld
  x: -184.2301967302796
  y: 64.0
  z: -325.35487308199924
  yaw: 106.99919
  pitch: 52.925076
