lastAccountName: uSamuelReach_
timestamps:
  login: 1493607086563
  logout: 1493607089563
  lastteleport: 1493530037121
  kits:
    pvp: 1493605409134
ipAddress: 177.128.168.84
lastlocation:
  world: world
  x: 9452.692135908408
  y: 103.5
  z: -3203.4716132970448
  yaw: -271.83847
  pitch: 0.022902137
logoutlocation:
  world: world
  x: 9454.5
  y: 102.5
  z: -3203.5
  yaw: -270.41327
  pitch: -1.2597977
money: '10000.0'
