lastAccountName: Sperkiiy_
timestamps:
  login: 1493591872472
  lastteleport: 1493593296055
  logout: 1493594033725
  kits:
    explorer: 1493592257080
    novato: 1493592471588
ipAddress: 186.235.57.106
lastlocation:
  world: world
  x: 1632.5156668681118
  y: 79.0
  z: -314.52940000485904
  yaw: 309.75305
  pitch: 12.484251
logoutlocation:
  world: world
  x: 1557.8350750150862
  y: 79.0
  z: -313.363074365906
  yaw: 128.59534
  pitch: 23.644787
