lastAccountName: yDudaBR_
timestamps:
  login: 1492986801547
  lastteleport: 1492986883523
  logout: 1492987203276
ipAddress: 177.52.117.169
lastlocation:
  world: world
  x: 9487.92869004982
  y: 100.0
  z: -3195.8194669126456
  yaw: -77.632286
  pitch: 0.8059916
logoutlocation:
  world: world
  x: 828.8673346797781
  y: 208.0
  z: -4857.200675862746
  yaw: 161.51404
  pitch: 25.786728
money: '0.0'
