lastAccountName: leticia6577
timestamps:
  login: 1493167105228
  lastteleport: 1493171434793
  logout: 1493171543325
ipAddress: 177.39.126.1
lastlocation:
  world: plotworld
  x: -233.56902813599368
  y: 68.41999998688698
  z: -101.68069680996629
  yaw: 80.069885
  pitch: 61.61978
money: '1047534.7222222222'
logoutlocation:
  world: plotworld
  x: -126.45340061134178
  y: 58.0
  z: -89.17809910871269
  yaw: -178.51239
  pitch: 0.50893015
