lastAccountName: OnixYT
timestamps:
  login: 1493677324109
  logout: 1493677374723
  lastteleport: 1493592723271
  kits:
    campeao: 1493481997184
    explorer: 1492701416109
ipAddress: 179.235.189.164
lastlocation:
  world: plotworld
  x: 25.537928829958513
  y: 65.0
  z: -94.60605803104531
  yaw: 328.82602
  pitch: -1.0693572
logoutlocation:
  world: plotworld
  x: 120.49468828785089
  y: 70.86285283701787
  z: 156.32475506711597
  yaw: 276.78415
  pitch: 3.029847
money: '100000.0'
nickname: §3§LOnix§4§lY§F§LT
