lastAccountName: NeathPT
timestamps:
  login: 1493675554698
  kits:
    explorer: 1493675572910
  lastteleport: 1493675929924
  logout: 1493675938461
ipAddress: 144.64.73.199
lastlocation:
  world: world
  x: 9451.789552979499
  y: 103.5
  z: -3203.236583139589
  yaw: -291.7598
  pitch: 26.700027
logoutlocation:
  world: world
  x: 1736.8466982054997
  y: 79.0
  z: -313.6611489686931
  yaw: 99.10172
  pitch: 8.418842
