lastAccountName: yStylePVP_
timestamps:
  login: 1492991617996
  logout: 1492991724987
ipAddress: 186.232.128.26
lastlocation:
  world: world
  x: -124.0
  y: 64.0
  z: -228.0
  yaw: 0.0
  pitch: 0.0
logoutlocation:
  world: world
  x: 9458.879977119437
  y: 105.0
  z: -3219.9791130895287
  yaw: -28.98854
  pitch: 27.172905
money: '0.0'
