lastAccountName: G0D_G4mer
timestamps:
  login: 1493598385660
  kits:
    explorer: 1493598668953
    pvp: 1493598659752
    bronze: 1493599990189
  lastteleport: 1493599963431
  logout: 1493600448290
ipAddress: 168.232.8.22
lastlocation:
  world: world
  x: 1555.1250814966227
  y: 79.0
  z: -316.3977946283533
  yaw: 159.39197
  pitch: 15.3619585
logoutlocation:
  world: world
  x: 1530.4811583530811
  y: 79.0
  z: -312.87622570188836
  yaw: 332.4914
  pitch: 22.826908
