lastAccountName: WhataguyTX
timestamps:
  login: 1493677279761
  lastteleport: 1493672141754
  logout: 1493677606257
ipAddress: 170.239.211.249
lastlocation:
  world: world
  x: 762.8753836636819
  y: 76.0
  z: -1010.3203467174975
  yaw: 218.45361
  pitch: 1.7401397
logoutlocation:
  world: world
  x: 9442.280555236546
  y: 103.5
  z: -3216.300000011921
  yaw: -1.9050598
  pitch: 20.882246
