lastAccountName: CaribeGams
timestamps:
  login: 1493075108579
  logout: 1493075121732
ipAddress: 191.23.35.36
lastlocation:
  world: world
  x: -124.0
  y: 64.0
  z: -228.0
  yaw: 0.0
  pitch: 0.0
logoutlocation:
  world: world
  x: 9454.5
  y: 102.5
  z: -3203.5
  yaw: -271.83847
  pitch: 0.022902137
money: '0.0'
