lastAccountName: zRodrigoG0D_
timestamps:
  login: 1493237388869
  kits:
    explorer: 1493237421878
  logout: 1493237429281
ipAddress: 177.183.3.60
lastlocation:
  world: world
  x: -124.0
  y: 64.0
  z: -228.0
  yaw: 0.0
  pitch: 0.0
logoutlocation:
  world: world
  x: 9455.428034234723
  y: 104.0
  z: -3203.1815131215203
  yaw: 104.3616
  pitch: 11.722904
money: '0.0'
