lastAccountName: Faabio_
timestamps:
  login: 1493616832652
  kits:
    explorer: 1493616861019
    pvp: 1493616868569
  lastteleport: 1493617387653
  logout: 1493617460537
ipAddress: 187.74.195.5
lastlocation:
  world: world
  x: 9399.429558093203
  y: 119.0
  z: -1075.0911537888314
  yaw: -154.71832
  pitch: 13.579632
logoutlocation:
  world: world
  x: 1738.876371545326
  y: 79.0
  z: -313.9386249243709
  yaw: -19.972713
  pitch: 2.0959196
