lastAccountName: CaptainKnot
timestamps:
  login: 1493072894245
  logout: 1493072982692
ipAddress: 189.111.40.161
lastlocation:
  world: world
  x: -124.0
  y: 64.0
  z: -228.0
  yaw: 0.0
  pitch: 0.0
logoutlocation:
  world: world
  x: 9447.222879533316
  y: 103.0
  z: -3203.1279790609433
  yaw: -251.0094
  pitch: 10.058005
money: '0.0'
