lastAccountName: MacroEz_
timestamps:
  login: 1493014320155
  logout: 1493014322505
  lastteleport: 1492991922295
  kits:
    prata: 1492991258677
    ouro: 1492991232625
    explorer: 1492986126433
    novato: 1492986335822
    bronze: 1492991306310
ipAddress: 179.106.191.196
lastlocation:
  world: plotworld
  x: -36.0
  y: 65.5
  z: -209.27995138074485
  yaw: 0.0
  pitch: 0.0
logoutlocation:
  world: world
  x: 9454.5
  y: 102.5
  z: -3203.5
  yaw: -271.83847
  pitch: -0.14692667
money: '77737.23214285671'
