lastAccountName: KaiaK
timestamps:
  login: 1493565468695
  kits:
    capitao: 1493081480300
    explorer: 1492986209599
    pvp: 1492987464191
    soldado: 1493159321537
  lastteleport: 1493565526956
  logout: 1493565667735
ipAddress: 201.87.240.102
lastlocation:
  world: world
  x: 9465.118498427788
  y: 102.5
  z: -3204.0482771817183
  yaw: -31.238403
  pitch: 2.872902
logoutlocation:
  world: world
  x: 1204.9270761959758
  y: 79.0
  z: -316.7853059746028
  yaw: 280.0861
  pitch: 8.802429
money: '1388159.2261904748'
