lastAccountName: oTalDoLobo
timestamps:
  login: 1528743545378
  lastteleport: 1528744184578
  logout: 1528744436533
ipAddress: 179.99.123.58
lastlocation:
  world: world
  x: -414.5
  y: 51.0
  z: 59.5
  yaw: -90.39881
  pitch: 0.0737389
logoutlocation:
  world: world
  x: -415.07313392232527
  y: 51.0
  z: 63.97577656914467
  yaw: -183.54875
  pitch: 19.500017
