logoutlocation:
  world: world
  x: 9454.5
  y: 103.0
  z: -3203.5
  yaw: -271.83847
  pitch: 0.022902137
money: '0.0'
