lastAccountName: Zenfor
timestamps:
  login: 1493503145893
  lastteleport: 1493503176822
  logout: 1493503192120
  kits:
    explorer: 1493428134897
    pvp: 1493503165057
ipAddress: 189.19.179.226
lastlocation:
  world: world
  x: 9449.406464138934
  y: 103.0
  z: -3204.5229833571193
  yaw: -108.49017
  pitch: 5.716913
logoutlocation:
  world: world
  x: 1780.2495827786963
  y: 79.5
  z: -313.21111937946364
  yaw: -267.62042
  pitch: 8.908986
