lastAccountName: BlayKM
timestamps:
  login: 1493572144811
  lastteleport: 1493387773136
  logout: 1493572236649
ipAddress: 191.251.230.36
lastlocation:
  world: world
  x: 9454.5
  y: 102.5
  z: -3203.5
  yaw: -272.88846
  pitch: 23.122904
logoutlocation:
  world: plotworld
  x: -101.10239633801375
  y: 69.32447298967072
  z: -207.10390603541177
  yaw: -179.56534
  pitch: 26.871744
