lastAccountName: caiojacob
timestamps:
  login: 1493593761288
  logout: 1493594001183
ipAddress: 177.68.205.177
lastlocation:
  world: world
  x: -124.0
  y: 64.0
  z: -228.0
  yaw: 0.0
  pitch: 0.0
logoutlocation:
  world: world
  x: 9458.698209191933
  y: 104.0
  z: -3199.300000011921
  yaw: -219.02673
  pitch: 32.752953
