lastAccountName: NemisisG
timestamps:
  login: 1493432280469
  kits:
    explorer: 1493432307072
    novato: 1493432599893
  lastteleport: 1493432352537
  logout: 1493432880070
ipAddress: 177.13.249.21
lastlocation:
  world: world
  x: 9452.847316810026
  y: 103.5
  z: -3203.300000011921
  yaw: -9.667908
  pitch: 60.066105
logoutlocation:
  world: world
  x: 9275.493137225038
  y: 111.5
  z: 1591.7086605828426
  yaw: -220.18396
  pitch: 14.445584
