lastAccountName: zDogTheHel
timestamps:
  login: 1493045789306
  logout: 1493045943726
ipAddress: 177.1.105.4
lastlocation:
  world: world
  x: -124.0
  y: 64.0
  z: -228.0
  yaw: 0.0
  pitch: 0.0
logoutlocation:
  world: world
  x: 9454.68656563107
  y: 102.5
  z: -3203.699999988079
  yaw: -94.43396
  pitch: 40.88733
money: '0.0'
