lastAccountName: Senhor_Do_Mal
timestamps:
  login: 1493334049934
  kits:
    explorer: 1493334075556
    pvp: 1493334068853
  logout: 1493334193720
ipAddress: 186.219.184.12
lastlocation:
  world: world
  x: -124.0
  y: 64.0
  z: -228.0
  yaw: 0.0
  pitch: 0.0
logoutlocation:
  world: world
  x: 9454.463798302468
  y: 102.5
  z: -3203.593220884009
  yaw: -2.0131226
  pitch: -3.8069549
