lastAccountName: zCopz
timestamps:
  login: 1493046446220
  logout: 1493046448992
ipAddress: 189.72.152.35
lastlocation:
  world: world
  x: -124.0
  y: 64.0
  z: -228.0
  yaw: 0.0
  pitch: 0.0
logoutlocation:
  world: world
  x: 9454.514091504272
  y: 103.0
  z: -3202.427695676892
  yaw: -1.65
  pitch: 8.25
money: '0.0'
