lastAccountName: pe4o23
timestamps:
  login: 1493593172537
  logout: 1493593387249
ipAddress: 181.223.121.11
lastlocation:
  world: world
  x: -124.0
  y: 64.0
  z: -228.0
  yaw: 0.0
  pitch: 0.0
logoutlocation:
  world: world
  x: 9451.77929829315
  y: 103.5
  z: -3203.794707921068
  yaw: -103.38839
  pitch: 44.12287
