lastAccountName: Bannnn123
timestamps:
  login: 1493395980442
  logout: 1493396015837
ipAddress: 177.37.189.196
lastlocation:
  world: world
  x: -124.0
  y: 64.0
  z: -228.0
  yaw: 0.0
  pitch: 0.0
logoutlocation:
  world: world
  x: 9454.434700006372
  y: 103.0
  z: -3195.9181683963466
  yaw: -353.1386
  pitch: 24.3229
