lastAccountName: ImTunderZ
timestamps:
  login: 1493668167558
  kits:
    explorer: 1493668255933
  lastteleport: 1493668488661
  logout: 1493668625386
ipAddress: 132.255.31.16
lastlocation:
  world: world
  x: 1792.5699131647457
  y: 79.0
  z: -314.0984725521192
  yaw: 2.1530113
  pitch: 5.7273846
logoutlocation:
  world: world
  x: 9274.658952997002
  y: 112.5
  z: 1575.891154130761
  yaw: -87.39844
  pitch: 22.195995
