lastAccountName: yBl4ckTheBr
timestamps:
  login: 1493171009261
  kits:
    explorer: 1493171058045
  lastteleport: 1493171075749
  logout: 1493171150576
ipAddress: 186.249.152.72
lastlocation:
  world: world
  x: 9453.152284056034
  y: 104.0
  z: -3202.5853765265983
  yaw: -211.93071
  pitch: 33.462044
logoutlocation:
  world: world
  x: 1778.2010653015795
  y: 80.0
  z: -308.4704206928141
  yaw: 178.6505
  pitch: -3.916703
money: '645.8333333333333'
