lastAccountName: fLamingsAber
timestamps:
  login: 1528835446531
  logout: 1528835449172
ipAddress: 177.97.250.59
lastlocation:
  world: world
  x: -414.4926697623483
  y: 51.0
  z: 59.5279402165941
  yaw: -90.0813
  pitch: -0.26828748
logoutlocation:
  world: world
  x: -414.4926697623483
  y: 50.0
  z: 59.5279402165941
  yaw: -90.0813
  pitch: -0.26828748
