lastAccountName: DatStainWombo
timestamps:
  login: 1493580507514
  lastteleport: 1493579833476
  kits:
    capitao: 1493483619761
    coronel: 1493483692256
    gaia: 1493484672188
    pvp: 1493570502551
    caos: 1493495334242
    novato: 1493522127474
    infernal: 1493521992427
    campeao: 1493074897130
    zeus: 1493484677576
    general: 1493483376339
    marechal: 1493483346627
    diamante: 1493061016872
    explorer: 1493148676291
    cronos: 1493483158006
    farm: 1493484064745
    vip: 1493484054346
    vipexplorer: 1493483898380
    hades: 1493483245173
  logout: 1493580673643
ipAddress: 186.214.105.164
lastlocation:
  world: plotworld
  x: -98.55964489911989
  y: 66.63669305687112
  z: -83.78859152795664
  yaw: 196.25098
  pitch: 6.1400104
money: '0'
homes:
  block:
    world: world
    x: -1399.0992451916152
    y: 157.0
    z: -5180.447423923356
    yaw: 91.28656
    pitch: 2.9831564
  mystiqui:
    world: plotworld
    x: -248.9534188584642
    y: 67.0
    z: 160.01753232857814
    yaw: 0.78445435
    pitch: 29.792585
logoutlocation:
  world: world
  x: 9444.195699729316
  y: 102.0
  z: -3204.6484358132084
  yaw: 215.81348
  pitch: 18.087624
nickname: §fuPerfect_
