lastAccountName: Hero_PVP
timestamps:
  login: 1492971940177
  kits:
    explorer: 1492971963386
  lastteleport: 1492972659436
  logout: 1492972918203
ipAddress: 179.191.196.45
lastlocation:
  world: world
  x: 1710.798174135337
  y: 79.0
  z: -312.8301938677375
  yaw: 3.299998
  pitch: 4.800026
logoutlocation:
  world: world
  x: 9455.266695918073
  y: 103.5
  z: -3200.217188370973
  yaw: -258.1601
  pitch: -52.050014
money: '26553.571428571428'
