lastAccountName: Alvord
timestamps:
  login: 1493313433874
  lastteleport: 1493313229437
  kits:
    explorer: 1493304786111
  logout: 1493313393174
ipAddress: 187.19.209.215
lastlocation:
  world: world
  x: 9271.699999988079
  y: 111.0
  z: 1578.5789306098272
  yaw: -58.723545
  pitch: 47.846386
logoutlocation:
  world: world
  x: 9454.5
  y: 103.0
  z: -3203.5
  yaw: -271.83847
  pitch: 0.022902137
money: '28423.1746031746'
