lastAccountName: plaza1789_gamer
timestamps:
  login: 1493664849441
  lastteleport: 1493401848412
  kits:
    pvp: 1493401817860
  logout: 1493664858141
ipAddress: 170.238.102.252
lastlocation:
  world: world
  x: 1758.4323483596102
  y: 79.0
  z: -322.673928789275
  yaw: -2.148346
  pitch: 32.568848
logoutlocation:
  world: world
  x: 9454.5
  y: 102.5
  z: -3203.5
  yaw: -280.6884
  pitch: -1.3270974
