lastAccountName: holyfield_gamer
timestamps:
  login: 1493640328739
  lastteleport: 1493640627619
  kits:
    explorer: 1493640413986
    pvp: 1493640420436
  logout: 1493640779948
ipAddress: 200.215.115.129
lastlocation:
  world: plotworld
  x: 323.23750001192093
  y: 65.0
  z: 225.16406325912854
  yaw: 47.344185
  pitch: 43.104565
money: '100018.81944444444457'
logoutlocation:
  world: plotworld
  x: 34.579153270075864
  y: 65.0
  z: 2432.4758690768685
  yaw: 52.056168
  pitch: 32.989243
