lastAccountName: yWolFyCheaty_
timestamps:
  login: 1493513864247
  logout: 1493513852893
  kits:
    explorer: 1493514079084
    pvp: 1493513886280
    novato: 1493514518896
  lastteleport: 1493514835798
ipAddress: 138.255.193.223
lastlocation:
  world: world
  x: 2113.5666728804517
  y: 57.0
  z: -2013.5897539911628
  yaw: 263.55716
  pitch: 12.299582
logoutlocation:
  world: world
  x: 9448.193265953232
  y: 102.92159999847412
  z: -3204.997513071595
  yaw: -246.31119
  pitch: 13.484551
