lastAccountName: XxUsuario_exexX
timestamps:
  login: 1493677174171
  logout: 1493677201814
  lastteleport: 1493678115844
  kits:
    gaia: 1492986221187
    explorer: 1493331803124
    pvp: 1493235704099
    caos: 1492966971379
ipAddress: 189.46.27.52
logoutlocation:
  world: world
  x: 722.4913876264056
  y: 79.0
  z: -315.99087496876314
  yaw: 293.31287
  pitch: 36.41285
lastlocation:
  world: world
  x: 9291.25440460252
  y: 132.12937994478924
  z: 1581.061460981182
  yaw: -19.210602
  pitch: 29.387587
money: '2091703.571428572'
homes:
  encantar:
    world: world
    x: 5380.795702244936
    y: 149.07041971587057
    z: -3037.160569163508
    yaw: 260.44156
    pitch: 75.14985
  testebuilder:
    world: world
    x: -100038.35190051697
    y: 103.0
    z: -1.0000030300000012E7
    yaw: -221.69824
    pitch: 90.0
nickname: §c§lXxUsu§d§la§f§lrio_§c§lexe§f§lxX
