lastAccountName: CaiCaraiii
timestamps:
  login: 1493673899591
  kits:
    campeao: 1493663457417
    prata: 1493660164726
    ouro: 1493660152518
    explorer: 1493420507590
    recruta: 1493569983261
    diamante: 1493672520293
    pvp: 1493494460530
    iniciante: 1493421994718
    novato: 1493421989574
    soldado: 1493661168574
    bronze: 1493660172428
    platina: 1493663696352
  lastteleport: 1493677732512
  logout: 1493673652678
ipAddress: 177.9.197.146
lastlocation:
  world: world
  x: -3756.0502491836346
  y: 125.0
  z: -3250.907878695131
  yaw: -344.5788
  pitch: 4.438509
logoutlocation:
  world: world
  x: 9444.331595022899
  y: 102.0
  z: -3201.300000011921
  yaw: 47.841827
  pitch: -39.402653
money: '563991.8402777777'
homes:
  home:
    world: plotworld
    x: -77.3793272221255
    y: 1.0
    z: -135.86935162819518
    yaw: -275.6166
    pitch: 23.2826
  m:
    world: plotworld
    x: -105.03689267869294
    y: 1.0
    z: -129.49447777808516
    yaw: -16.733246
    pitch: 21.091906
