lastAccountName: yRafaNoob
timestamps:
  login: 1493498294973
  kits:
    explorer: 1493498315884
  logout: 1493498340370
ipAddress: 177.177.192.60
lastlocation:
  world: world
  x: -124.0
  y: 64.0
  z: -228.0
  yaw: 0.0
  pitch: 0.0
logoutlocation:
  world: world
  x: 9462.62288966212
  y: 103.0
  z: -3199.300000011921
  yaw: -74.887695
  pitch: 10.222897
