lastAccountName: Celo_Plays05
timestamps:
  login: 1493388085118
  kits:
    explorer: 1493388147655
  lastteleport: 1493388670669
  logout: 1493388990511
ipAddress: 187.36.34.91
lastlocation:
  world: plotworld
  x: -102.61491886231985
  y: 65.0
  z: 154.97954145163217
  yaw: -1.9580925
  pitch: 19.769451
logoutlocation:
  world: plotworld
  x: 235.71856967317308
  y: 65.0
  z: -43.2289886674654
  yaw: -6.2005744
  pitch: 6.5269394
