lastAccountName: Janchy
timestamps:
  login: 1493215920953
  kits:
    explorer: 1493130684863
    iniciante: 1493131902206
  lastteleport: 1493132033864
  logout: 1493215928146
ipAddress: 179.192.188.147
lastlocation:
  world: world
  x: 2128.4945965063507
  y: 56.0
  z: -2012.0143784318695
  yaw: -32.369194
  pitch: 5.104443
money: '6.35106646825443'
logoutlocation:
  world: world
  x: 9454.5
  y: 103.0
  z: -3203.5
  yaw: -271.83847
  pitch: 0.17290214
