lastAccountName: camiii
timestamps:
  login: 1492970626009
  logout: 1492970690469
ipAddress: 200.102.50.244
lastlocation:
  world: world
  x: -124.0
  y: 64.0
  z: -228.0
  yaw: 0.0
  pitch: 0.0
logoutlocation:
  world: world
  x: 9451.854199989915
  y: 103.5
  z: -3204.9459482297048
  yaw: -112.6885
  pitch: 27.022896
money: '0.0'
