lastAccountName: Reetryx
timestamps:
  login: 1492969433153
  lastteleport: 1492969484252
  logout: 1492969514467
ipAddress: 201.140.221.152
lastlocation:
  world: world
  x: 9277.149369620187
  y: 111.0
  z: 1579.452236814575
  yaw: -266.88907
  pitch: -29.7888
logoutlocation:
  world: world
  x: 1771.1454312217422
  y: 79.0
  z: -315.4862996454899
  yaw: 65.3974
  pitch: -4.3683515
money: '0.0'
