lastAccountName: pixsepvp
timestamps:
  login: 1493404133360
  lastteleport: 1493236347289
  kits:
    explorer: 1493232127513
  logout: 1493404148905
ipAddress: 188.80.3.222
lastlocation:
  world: world
  x: 9454.5
  y: 102.5
  z: -3203.5
  yaw: -155.7098
  pitch: 29.250042
logoutlocation:
  world: world
  x: 9455.493774251854
  y: 104.0
  z: -3202.36901089349
  yaw: 127.3115
  pitch: 61.222908
money: '26767.733134920636'
