lastAccountName: MortadelaBR
timestamps:
  login: 1493476519144
  logout: 1493476563302
ipAddress: 179.209.59.87
lastlocation:
  world: world
  x: -124.0
  y: 64.0
  z: -228.0
  yaw: 0.0
  pitch: 0.0
logoutlocation:
  world: world
  x: 9454.837869586729
  y: 103.0
  z: -3203.300000011921
  yaw: -9.038483
  pitch: 8.572904
