lastAccountName: Wombayyy
timestamps:
  login: 1493600672614
  logout: 1493600681168
ipAddress: 179.221.205.162
lastlocation:
  world: world
  x: -124.0
  y: 64.0
  z: -228.0
  yaw: 0.0
  pitch: 0.0
logoutlocation:
  world: world
  x: 9440.617513407587
  y: 102.0625
  z: -3202.9307130571506
  yaw: -254.53917
  pitch: 67.20933
