lastAccountName: CandyTV
timestamps:
  login: 1493388006004
  kits:
    explorer: 1493388051010
    pvp: 1493388923351
  lastteleport: 1493389231538
  logout: 1493389245688
ipAddress: 191.255.126.186
lastlocation:
  world: world
  x: 1704.0661276772648
  y: 79.0
  z: -313.5145651240704
  yaw: 242.05162
  pitch: 1.4999807
logoutlocation:
  world: world
  x: -3751.101534928238
  y: 125.0
  z: -3251.8825410342674
  yaw: -93.06555
  pitch: 6.3504395
