lastAccountName: GustavoCunha
timestamps:
  login: 1493592316297
  kits:
    explorer: 1493592355672
    pvp: 1493593023913
    iniciante: 1493593012149
    novato: 1493593017753
  lastteleport: 1493594071920
  logout: 1493594442176
ipAddress: 187.182.48.228
lastlocation:
  world: world
  x: 9279.39662637571
  y: 111.0
  z: 1581.699999988079
  yaw: -14.794281
  pitch: 30.507713
logoutlocation:
  world: world
  x: 9458.905506893694
  y: 105.0
  z: -3187.699999988079
  yaw: -11.559784
  pitch: 25.05
