lastAccountName: JP_GamerxD
timestamps:
  login: 1492969899404
  lastteleport: 1492971070391
  kits:
    explorer: 1492969931312
    bronze: 1492971308713
  logout: 1492971434159
ipAddress: 189.201.234.64
lastlocation:
  world: plotworld
  x: -84.70354724391748
  y: 65.0
  z: -109.1209996095414
  yaw: 346.96643
  pitch: 7.0193124
money: '250517.85714285722'
homes:
  casa:
    world: plotworld
    x: -97.28368806178739
    y: 65.0
    z: -119.54728561312828
    yaw: 28.950073
    pitch: 18.599998
logoutlocation:
  world: world
  x: 1768.4452787739067
  y: 79.5
  z: -319.87877425916093
  yaw: 189.7522
  pitch: -21.149994
