lastAccountName: cafeeh
timestamps:
  login: 1493251136572
  logout: 1493251607013
ipAddress: 189.111.74.87
lastlocation:
  world: world
  x: -124.0
  y: 64.0
  z: -228.0
  yaw: 0.0
  pitch: 0.0
logoutlocation:
  world: world
  x: 9455.826235345976
  y: 102.0
  z: -3213.749229499623
  yaw: 215.56018
  pitch: 21.255
money: '0.0'
