lastAccountName: JOAO_GAMER1789
timestamps:
  login: 1493401186777
  lastteleport: 1493402013542
  kits:
    pvp: 1493401930826
  logout: 1493402314993
ipAddress: 170.80.51.114
lastlocation:
  world: world
  x: 9455.097448548153
  y: 104.0
  z: -3204.9138556889225
  yaw: -174.60968
  pitch: 61.79999
logoutlocation:
  world: world
  x: 9454.759230081767
  y: 102.5
  z: -3213.8620720058266
  yaw: -197.8595
  pitch: 29.550005
