lastAccountName: SrFrog_
timestamps:
  login: 1493227921475
  lastteleport: 1493232331282
  logout: 1493232336932
ipAddress: 186.232.130.190
lastlocation:
  world: world
  x: 418.49660290509894
  y: 26.0
  z: -2293.290714599688
  yaw: 308.38174
  pitch: -11.08393
logoutlocation:
  world: world
  x: 770.0832453422374
  y: 73.5
  z: -1642.389868921841
  yaw: 28.044136
  pitch: 12.885388
money: '0.0'
