lastAccountName: MINATO228
timestamps:
  login: 1493428383044
  logout: 1493429159992
ipAddress: 179.234.105.213
lastlocation:
  world: world
  x: -124.0
  y: 64.0
  z: -228.0
  yaw: 0.0
  pitch: 0.0
logoutlocation:
  world: world
  x: 9453.14936858966
  y: 103.0
  z: -3198.3806617966125
  yaw: -192.44952
  pitch: 14.001434
