lastAccountName: iAlvaritohhGS
timestamps:
  login: 1493400217744
  lastteleport: 1493222213035
  logout: 1493400608994
  kits:
    zeus: 1493221901650
    gaia: 1493215237227
    cronos: 1493221894797
    pvp: 1493400330453
    caos: 1493213788972
    vip: 1493213782229
    hades: 1493221929101
ipAddress: 189.5.140.46
lastlocation:
  world: world
  x: 2123.2982639737447
  y: 56.0
  z: -2013.3849115437627
  yaw: 90.422455
  pitch: 5.227812
money: '72889.21130952449'
logoutlocation:
  world: plotworld
  x: 179.71607507661454
  y: 66.16610926093821
  z: -72.34839961995641
  yaw: 210.04608
  pitch: 22.259506
