lastAccountName: ADRIANO196
timestamps:
  login: 1493564220890
  kits:
    prata: 1493417306166
    ouro: 1493417327020
    explorer: 1493330657092
    recruta: 1493417351622
    pvp: 1493567464959
    iniciante: 1493417357722
    novato: 1493565200654
    bronze: 1493419192752
    soldado: 1493410739269
    platina: 1493421918985
  lastteleport: 1493567670408
  logout: 1493567801107
ipAddress: 191.165.232.119
lastlocation:
  world: plotworld
  x: -130.07504596761902
  y: 65.0
  z: 221.40351806876532
  yaw: 191.25177
  pitch: 50.088398
logoutlocation:
  world: plotworld
  x: -106.37917447623921
  y: 56.0
  z: 220.05101727908888
  yaw: -104.499695
  pitch: 23.726652
