lastAccountName: ArthurGPaschoal
timestamps:
  login: 1493050909764
  logout: 1493050934314
ipAddress: 170.78.237.249
lastlocation:
  world: world
  x: -124.0
  y: 64.0
  z: -228.0
  yaw: 0.0
  pitch: 0.0
logoutlocation:
  world: world
  x: 9454.762795078994
  y: 104.0
  z: -3202.803243491812
  yaw: -80.138245
  pitch: 80.85004
money: '0.0'
