lastAccountName: Truthy
timestamps:
  login: 1493307406618
  logout: 1493307473194
ipAddress: 74.72.198.106
lastlocation:
  world: world
  x: -124.0
  y: 64.0
  z: -228.0
  yaw: 0.0
  pitch: 0.0
logoutlocation:
  world: world
  x: 9454.820885893503
  y: 110.04252769582658
  z: -3209.801357419746
  yaw: -333.93845
  pitch: 26.099989
money: '0.0'
