lastAccountName: ramber
timestamps:
  login: 1493391017141
  logout: 1493391131786
  kits:
    explorer: 1493389181609
    pvp: 1493391064274
  lastteleport: 1493391098482
ipAddress: 179.191.12.1
lastlocation:
  world: world
  x: 9452.161168362922
  y: 102.5
  z: -3208.8511752287504
  yaw: -7.388604
  pitch: 38.57293
logoutlocation:
  world: world
  x: 9454.507161258342
  y: 103.5
  z: -3201.404198994561
  yaw: -21.009827
  pitch: 38.550037
