lastAccountName: ZAKl1k
timestamps:
  login: 1493636903771
  logout: 1493636910271
ipAddress: 187.6.132.177
lastlocation:
  world: world
  x: 9441.991855073153
  y: 102.5
  z: -3204.0778271154127
  yaw: -101.288635
  pitch: 5.422903
logoutlocation:
  world: world
  x: 9457.6880885992
  y: 103.5
  z: -3189.9277233586868
  yaw: -3.0386047
  pitch: 15.322905
