lastAccountName: VapeMemberRelog
timestamps:
  login: 1492969759955
  lastteleport: 1492969658797
  logout: 1492969774656
ipAddress: 24.60.235.112
lastlocation:
  world: world
  x: 9454.638329485631
  y: 102.5
  z: -3203.371943538379
  yaw: -265.2136
  pitch: 83.810165
logoutlocation:
  world: world
  x: 9453.814617541724
  y: 103.5
  z: -3207.265531143943
  yaw: -185.30046
  pitch: 17.863693
money: '0.0'
