lastAccountName: WarCoombo
timestamps:
  login: 1493669482361
  kits:
    coronel: 1493590945838
    capitao: 1493590948647
    gaia: 1493590803868
    recruta: 1493580786837
    pvp: 1493406941230
    caos: 1493513839583
    iniciante: 1493517817887
    novato: 1493640137538
    soldado: 1493640179601
    zeus: 1493590846920
    general: 1493590939266
    campeao: 1493565557962
    prata: 1493586597047
    marechal: 1493590855628
    ouro: 1493220367298
    explorer: 1492967919460
    diamante: 1493565541908
    cronos: 1493590844817
    vip: 1493215901342
    hades: 1493590852670
    platina: 1493460838424
  lastteleport: 1493670723909
  logout: 1493671538078
ipAddress: 2.83.136.79
lastlocation:
  world: plotworld
  x: 27.060753104651514
  y: 67.1242442671741
  z: 2428.1135983489035
  yaw: 180.00002
  pitch: 5.100004
money: '150899676.35489032'
logoutlocation:
  world: world
  x: 9271.98269581068
  y: 113.5
  z: 1582.747762566627
  yaw: -20.66452
  pitch: 25.659962
nickname: WarCoombo
homes:
  blaze:
    world: plotworld
    x: 37.94109078800253
    y: 65.0
    z: 2435.95382551703
    yaw: -55.800014
    pitch: 19.949995
  v:
    world: world
    x: -1399.6977734148968
    y: 157.0
    z: -5180.199267296599
    yaw: 91.3051
    pitch: 2.930512
