lastAccountName: hasktest
timestamps:
  login: 1528863785488
  logout: 1528863787477
ipAddress: 177.15.96.54
lastlocation:
  world: world
  x: -414.4926697623483
  y: 51.0
  z: 59.5279402165941
  yaw: -90.0813
  pitch: -0.26828748
logoutlocation:
  world: world
  x: -414.30000001192093
  y: 49.0
  z: 59.52741406136537
  yaw: -90.0813
  pitch: -0.015322875
