lastAccountName: Siilvayy_
timestamps:
  login: 1493587894639
  kits:
    explorer: 1493587908554
    recruta: 1493588839470
    iniciante: 1493588944880
    novato: 1493588946832
  lastteleport: 1493589934302
  logout: 1493589972890
ipAddress: 187.122.2.131
lastlocation:
  world: plotworld
  x: 41.99480901664781
  y: 65.0
  z: 2428.4776221069847
  yaw: 118.08934
  pitch: 0.38167077
logoutlocation:
  world: world
  x: 2144.1782298454677
  y: 56.0
  z: -2012.7975819974852
  yaw: -102.74136
  pitch: 11.379653
