lastAccountName: oGuih_
timestamps:
  login: 1492968346710
  kits:
    explorer: 1492967852719
    pvp: 1492968882441
  logout: 1492969439403
  lastteleport: 1492968844524
ipAddress: 177.139.86.117
lastlocation:
  world: world
  x: -3750.1895757561774
  y: 125.0
  z: -3252.844317322895
  yaw: -247.37183
  pitch: 4.941765
logoutlocation:
  world: world
  x: 9445.794755634592
  y: 103.0
  z: -3203.83986325722
  yaw: -90.35065
  pitch: 21.090088
money: '988.0357142857174'
