lastAccountName: iLordPVP_
timestamps:
  login: 1493671280479
  logout: 1493671284720
ipAddress: 201.54.97.204
lastlocation:
  world: world
  x: -124.0
  y: 64.0
  z: -228.0
  yaw: 0.0
  pitch: 0.0
logoutlocation:
  world: world
  x: 9454.5
  y: 102.5
  z: -3203.5
  yaw: -36.29999
  pitch: 8.549999
