lastAccountName: jo_pro
timestamps:
  login: 1493308990377
  kits:
    prata: 1493217315573
    explorer: 1493153960612
    diamante: 1493239625794
    pvp: 1493239877720
  lastteleport: 1493249276573
  logout: 1493309151552
ipAddress: 177.37.183.254
lastlocation:
  world: plotworld
  x: 93.3857971758755
  y: 65.0
  z: -279.5773251286018
  yaw: -117.89994
  pitch: 24.15
money: '1351704.0946626326'
logoutlocation:
  world: plotworld
  x: 104.315624898665
  y: 65.0
  z: -278.784217689435
  yaw: 14.549996
  pitch: 19.2
homes:
  home:
    world: plotworld
    x: -32.02518686883286
    y: 65.0
    z: -132.73894789763878
    yaw: 269.3503
    pitch: 2.6499975
