lastAccountName: KiroGaya
timestamps:
  login: 1529018703409
  logout: 1529018703335
  lastteleport: 1529018777554
  kits:
    basicovip++: 1528771820721
    expert: 1528762300253
    villager: 1528930184631
    blaze: 1528753286608
    basico: 1528930969736
    pvp: 1528771125236
    baitola: 1528930509140
    spider: 1528753296801
    wither: 1528929276132
    expertd: 1528930667036
    soldado: 1528654642579
ipAddress: 179.111.100.64
logoutlocation:
  world: Teste
  x: -30.2957367101552
  y: 113.41096852752078
  z: -48.64425976066452
  yaw: 105.522804
  pitch: 46.703613
lastlocation:
  world: world
  x: -402.61701520866114
  y: 50.0
  z: 63.19658427198178
  yaw: -95.02388
  pitch: 11.753665
money: '834336.0'
homes:
  arena:
    world: Killer
    x: 834.8447215818405
    y: 4.0
    z: -256.50259186573516
    yaw: 129.09326
    pitch: 24.967787
  drop:
    world: Killer
    x: 1151.6487081972969
    y: 4.0
    z: -101.43616085199234
    yaw: -65.80902
    pitch: 8.09594
  minavip:
    world: Teste
    x: -14.409323661099998
    y: 110.0
    z: -5.60261817967568
    yaw: -89.60898
    pitch: 1.269601
  lojavip:
    world: Lojavip
    x: 0.4264015172823787
    y: 69.0
    z: 41.84214741089175
    yaw: -179.75983
    pitch: 3.2476103
  lojapvp:
    world: LojaPvP
    x: 2288.723880887958
    y: 8.363664580858877
    z: -959.3172854838268
    yaw: 354.85986
    pitch: 0.63477516
