lastAccountName: gustavo123456789
timestamps:
  login: 1493239992493
  kits:
    explorer: 1493161571480
    pvp: 1493240844868
    novato: 1493164220590
  lastteleport: 1493241274930
  logout: 1493241598324
ipAddress: 186.236.16.112
lastlocation:
  world: world
  x: 9275.401906085068
  y: 111.5
  z: 1582.161184405662
  yaw: -233.19432
  pitch: -3.0922904
logoutlocation:
  world: plotworld
  x: -226.24972381122942
  y: 74.0
  z: -274.0516372441108
  yaw: 177.4494
  pitch: 43.350014
money: '29.288814484109025'
