lastAccountName: jonatas_vg
timestamps:
  login: 1492995890062
  kits:
    explorer: 1492995913739
    pvp: 1492995922339
  lastteleport: 1492995935940
  logout: 1492996224013
ipAddress: 177.13.11.21
lastlocation:
  world: world
  x: 9455.268358027726
  y: 104.0
  z: -3203.989966689211
  yaw: 4.8954206
  pitch: 9.993094
logoutlocation:
  world: world
  x: 9260.300000011921
  y: 111.0
  z: 1559.2511387198326
  yaw: 10.113617
  pitch: 6.6872525
money: '58004.46428571429'
