lastAccountName: fodafdpconta
timestamps:
  login: 1493488792888
  kits:
    explorer: 1493488835890
  lastteleport: 1493488868664
  logout: 1493489139252
ipAddress: 191.253.119.37
lastlocation:
  world: world
  x: 9455.234819044159
  y: 103.5
  z: -3206.0717057139304
  yaw: -264.03864
  pitch: 8.8728895
logoutlocation:
  world: world
  x: 1725.1571228692171
  y: 80.0
  z: -309.90935825685494
  yaw: -81.44834
  pitch: 11.700048
