lastAccountName: onix
timestamps:
  login: 1493512890319
  logout: 1493512935998
ipAddress: 187.59.245.151
lastlocation:
  world: world
  x: -124.0
  y: 64.0
  z: -228.0
  yaw: 0.0
  pitch: 0.0
logoutlocation:
  world: world
  x: 9452.859296622468
  y: 102.5
  z: -3209.8744031541087
  yaw: -335.5783
  pitch: 7.6301465
