lastAccountName: aires_br
timestamps:
  login: 1493485203154
  lastteleport: 1493485216236
  logout: 1493486930732
ipAddress: 191.222.226.19
lastlocation:
  world: world
  x: 9454.5
  y: 102.5
  z: -3203.5
  yaw: -271.83847
  pitch: 0.022902137
logoutlocation:
  world: world
  x: 1511.9294784052245
  y: 79.0
  z: -317.39171090092987
  yaw: 206.24994
  pitch: 14.362312
