lastAccountName: zDarkDemon
timestamps:
  login: 1493584054121
  logout: 1493587753248
  lastteleport: 1493587017974
  kits:
    explorer: 1493584618412
    pvp: 1493584606804
ipAddress: 189.31.49.133
lastlocation:
  world: world
  x: 9272.331226431264
  y: 112.0
  z: 1576.0598676791915
  yaw: 5.5371094
  pitch: 20.07134
logoutlocation:
  world: world
  x: 9469.464456524758
  y: 103.0
  z: -3199.300000011921
  yaw: 1.4587402
  pitch: 42.234016
