lastAccountName: ezequiasdml
timestamps:
  login: 1493448419948
  logout: 1493451139478
  lastteleport: 1493450136840
  kits:
    prata: 1493169781575
    ouro: 1493157328845
    explorer: 1492990533567
    diamante: 1493167182951
    recruta: 1493238029637
    pvp: 1493238271707
    iniciante: 1493144818312
    novato: 1493082515248
    platina: 1493157182123
    bronze: 1493172771087
    soldado: 1493172957023
ipAddress: 179.214.161.162
lastlocation:
  world: world
  x: 9273.867230930888
  y: 108.0
  z: 1539.300000011921
  yaw: -8.680267
  pitch: 16.78493
logoutlocation:
  world: plotworld
  x: -295.92482679925376
  y: 65.0
  z: -75.03555051133795
  yaw: 266.05273
  pitch: 27.051672
money: '12194931.574510653'
homes:
  block:
    world: plotworld
    x: -131.78930311842043
    y: 58.0
    z: -87.36847824444637
    yaw: 304.67194
    pitch: 12.117536
  farme:
    world: plotworld
    x: -82.62966594676936
    y: 62.0
    z: 25.392146944205418
    yaw: -195.75085
    pitch: 18.824306
