lastAccountName: heavenY_Y
timestamps:
  login: 1493592701581
  logout: 1493594497181
  kits:
    explorer: 1493592728973
ipAddress: 177.19.28.105
lastlocation:
  world: world
  x: -124.0
  y: 64.0
  z: -228.0
  yaw: 0.0
  pitch: 0.0
logoutlocation:
  world: world
  x: 9448.280935319544
  y: 106.0
  z: -3217.699999988079
  yaw: -185.9931
  pitch: 30.72608
