lastAccountName: StruBatz
timestamps:
  login: 1493598956197
  lastteleport: 1493599015722
  logout: 1493599706962
ipAddress: 179.215.124.76
lastlocation:
  world: world
  x: 424.69999998807907
  y: 30.0
  z: -2284.122242388521
  yaw: -314.71814
  pitch: 17.116056
logoutlocation:
  world: world
  x: 9478.020904632991
  y: 101.5
  z: -3201.378662856745
  yaw: -281.8601
  pitch: 5.700031
