lastAccountName: c2biFW42eMpBQWvL
timestamps:
  login: 1493159159159
ipAddress: 70.33.150.83
lastlocation:
  world: world
  x: -124.0
  y: 64.0
  z: -228.0
  yaw: 0.0
  pitch: 0.0
logoutlocation:
  world: world
  x: 9454.5
  y: 103.0
  z: -3203.5
  yaw: -269.10977
  pitch: 83.40004
money: '0.0'
