lastAccountName: gabriel2003
timestamps:
  login: 1493457397307
  logout: 1493457426647
ipAddress: 187.40.208.250
lastlocation:
  world: world
  x: -124.0
  y: 64.0
  z: -228.0
  yaw: 0.0
  pitch: 0.0
logoutlocation:
  world: world
  x: 9453.023329607417
  y: 104.24918707874468
  z: -3203.4579991888418
  yaw: -271.83847
  pitch: 0.022902137
