lastAccountName: AuthenticGamer
timestamps:
  login: 1493645746278
  logout: 1493645783129
ipAddress: 138.99.193.33
lastlocation:
  world: world
  x: -124.0
  y: 64.0
  z: -228.0
  yaw: 0.0
  pitch: 0.0
logoutlocation:
  world: world
  x: 9449.92821818845
  y: 103.5
  z: -3203.153542961542
  yaw: -102.26402
  pitch: 21.526897
