lastAccountName: HelloItsMe
timestamps:
  login: 1528824825370
  logout: 1528824842662
ipAddress: 177.97.250.59
lastlocation:
  world: world
  x: -414.4926697623483
  y: 51.0
  z: 59.5279402165941
  yaw: -90.0813
  pitch: -0.26828748
logoutlocation:
  world: world
  x: -414.30000001192093
  y: 50.0
  z: 59.527019444943825
  yaw: -90.0813
  pitch: -0.26828748
