lastAccountName: yBugati_
timestamps:
  login: 1493400315101
  kits:
    pvp: 1493400341856
  logout: 1493400488967
ipAddress: 179.253.169.138
lastlocation:
  world: world
  x: -124.0
  y: 64.0
  z: -228.0
  yaw: 0.0
  pitch: 0.0
money: '10000.0'
logoutlocation:
  world: world
  x: 9444.492512356052
  y: 102.5
  z: -3202.8396222460788
  yaw: -250.79178
  pitch: 39.673214
