lastAccountName: ExtremoCrafterYT
timestamps:
  login: 1493577192736
  lastteleport: 1493562053930
  kits:
    explorer: 1493493255175
    novato: 1493495179698
    soldado: 1493496322819
    bronze: 1493497370865
  logout: 1493577288864
ipAddress: 179.183.87.248
lastlocation:
  world: plotworld
  x: -227.10238523896624
  y: 65.0
  z: 241.41449656830486
  yaw: -240.74988
  pitch: 17.85
homes:
  clan:
    world: plotworld
    x: -243.34680478525144
    y: 65.0
    z: 242.04084240598525
    yaw: -275.24985
    pitch: 6.1499925
logoutlocation:
  world: world
  x: 9436.699999988079
  y: 100.0
  z: -3190.0422367918254
  yaw: -45.038483
  pitch: 67.8
