lastAccountName: SrVinicius_
timestamps:
  login: 1493638925227
  kits:
    pvp: 1493593263448
  lastteleport: 1493593409337
  logout: 1493638948871
ipAddress: 177.20.218.145
lastlocation:
  world: world
  x: 9440.424492220975
  y: 105.0
  z: -3209.7217518573357
  yaw: -128.1557
  pitch: 24.016644
logoutlocation:
  world: world
  x: 9453.60168732104
  y: 103.0
  z: -3203.4909975338983
  yaw: -91.25702
  pitch: 29.552216
