lastAccountName: Snorlaxgamer
timestamps:
  login: 1493625803051
  kits:
    explorer: 1493595869981
    pvp: 1493597676750
    novato: 1493596599797
  lastteleport: 1493625982326
  logout: 1493626007328
ipAddress: 191.5.159.17
lastlocation:
  world: world
  x: 9454.5
  y: 102.5
  z: -3203.5
  yaw: -269.10977
  pitch: 83.40004
logoutlocation:
  world: world
  x: 9259.393665562364
  y: 111.5
  z: 1559.1986418357146
  yaw: -340.1444
  pitch: 21.80771
