lastAccountName: iBluue
timestamps:
  login: 1493137324153
  logout: 1493137388981
ipAddress: 187.23.139.226
lastlocation:
  world: world
  x: -124.0
  y: 64.0
  z: -228.0
  yaw: 0.0
  pitch: 0.0
logoutlocation:
  world: world
  x: 9470.699999988079
  y: 103.0
  z: -3199.300000011921
  yaw: -69.460205
  pitch: 10.816424
money: '0.0'
