lastAccountName: ninjinha
timestamps:
  login: 1493157417500
  kits:
    explorer: 1493157450515
    pvp: 1493157442116
  lastteleport: 1493157479062
ipAddress: 187.45.21.5
lastlocation:
  world: world
  x: 9454.631934020428
  y: 103.0
  z: -3202.3355987606183
  yaw: 5.3615155
  pitch: 22.972912
money: '520.8333333333333'
