lastAccountName: bigmarcosh2
timestamps:
  login: 1493496613888
  logout: 1493496689879
ipAddress: 189.121.58.140
lastlocation:
  world: world
  x: -124.0
  y: 64.0
  z: -228.0
  yaw: 0.0
  pitch: 0.0
logoutlocation:
  world: world
  x: 9414.3362780184
  y: 100.0
  z: -3198.9598899276975
  yaw: -285.48816
  pitch: 12.922904
