lastAccountName: DanielGuilBR2017
timestamps:
  login: 1493427339784
  logout: 1493430203774
  lastteleport: 1493428990229
  kits:
    explorer: 1493395481752
    pvp: 1493425031846
ipAddress: 177.13.255.45
lastlocation:
  world: plotworld
  x: 155.56341757959683
  y: 65.0
  z: 225.25538493948372
  yaw: 288.7205
  pitch: 17.793926
logoutlocation:
  world: plotworld
  x: 168.97950922991245
  y: 65.0
  z: 253.2051665589365
  yaw: 216.1889
  pitch: 41.51909
