lastAccountName: EmralRG
timestamps:
  login: 1493428774025
  logout: 1493428787381
ipAddress: 79.118.83.224
lastlocation:
  world: world
  x: -124.0
  y: 64.0
  z: -228.0
  yaw: 0.0
  pitch: 0.0
logoutlocation:
  world: world
  x: 9423.467375174756
  y: 100.5
  z: -3202.6124238325983
  yaw: -271.83847
  pitch: 0.022902137
