lastAccountName: BonyFc
timestamps:
  login: 1493145265847
  lastteleport: 1493147244604
  kits:
    explorer: 1493145375642
  logout: 1493147660702
ipAddress: 187.58.54.45
lastlocation:
  world: plotworld
  x: -173.7799245848556
  y: 65.0
  z: -170.98122911405028
  yaw: -225.67987
  pitch: 42.357376
money: '486766.12103174604'
homes:
  ezequias:
    world: plotworld
    x: -245.24285560871414
    y: 65.0
    z: -125.7799909965392
    yaw: -1.2717936
    pitch: 8.934065
logoutlocation:
  world: plotworld
  x: -99.97102688093379
  y: 65.0
  z: 0.656584469071074
  yaw: 223.88611
  pitch: 17.854052
