lastAccountName: YArthurY
timestamps:
  login: 1493060916676
  lastteleport: 1493057952072
  kits:
    explorer: 1492992519305
    novato: 1492992690977
    soldado: 1493056289486
  logout: 1493060923676
ipAddress: 186.213.147.66
lastlocation:
  world: plotworld
  x: 134.10119700305523
  y: 66.5
  z: -153.18994170560308
  yaw: -176.9989
  pitch: 19.649998
logoutlocation:
  world: world
  x: 9439.300000011921
  y: 102.5
  z: -3202.047441603955
  yaw: -285.18854
  pitch: 26.872904
money: '31114.56597222223'
