lastAccountName: Deaker
timestamps:
  login: 1492987828245
  logout: 1492987835044
ipAddress: 186.232.128.26
lastlocation:
  world: world
  x: 9466.499915331457
  y: 104.0155550727022
  z: -3216.9222187061014
  yaw: -20.738533
  pitch: 30.02291
logoutlocation:
  world: world
  x: 9454.5
  y: 102.5
  z: -3203.5
  yaw: -271.83847
  pitch: 0.022902137
money: '0.0'
