lastAccountName: Kleber_Kits
timestamps:
  login: 1493664570275
  kits:
    campeao: 1493641874339
    capitao: 1493643793615
    explorer: 1493576409026
    diamante: 1493641547016
    platina: 1493579266600
  lastteleport: 1493664588928
  logout: 1493664667804
ipAddress: 177.65.236.113
lastlocation:
  world: world
  x: 9457.37374821204
  y: 103.5
  z: -3202.8664555832115
  yaw: -272.88855
  pitch: 0.32289776
logoutlocation:
  world: world
  x: 1193.6718656862586
  y: 79.0
  z: -313.83087106125237
  yaw: 6.9802027
  pitch: 5.962689
