lastAccountName: TheyXelito06
timestamps:
  login: 1493168140308
  logout: 1493168566657
ipAddress: 201.43.111.107
lastlocation:
  world: world
  x: -124.0
  y: 64.0
  z: -228.0
  yaw: 0.0
  pitch: 0.0
logoutlocation:
  world: world
  x: 9466.469979341533
  y: 103.42159999847412
  z: -3213.699999988079
  yaw: -125.9895
  pitch: 59.10265
money: '0.0'
