lastAccountName: NiceCombo_Tx
timestamps:
  login: 1493588437141
  kits:
    explorer: 1493588501520
  lastteleport: 1493588529676
  logout: 1493589243170
ipAddress: 187.52.209.137
lastlocation:
  world: world
  x: 9457.60367393808
  y: 103.0
  z: -3204.7485297211656
  yaw: -104.737366
  pitch: 16.034433
logoutlocation:
  world: world
  x: 1603.4433737073432
  y: 79.0
  z: -313.2977986623955
  yaw: -269.44385
  pitch: 21.700861
