lastAccountName: zSad_
timestamps:
  login: 1493665304081
  lastteleport: 1493666604925
  kits:
    infernal: 1493586531341
  logout: 1493667216016
ipAddress: 177.159.71.40
lastlocation:
  world: world
  x: -100029.27942903263
  y: 109.7110411270759
  z: -1.0000048178919842E7
  yaw: -118.50052
  pitch: 54.020477
nickname: §c§lz§f§lSad§c§l_
logoutlocation:
  world: plotworld
  x: 44.010469871134056
  y: 59.11160201249288
  z: 332.00094852271644
  yaw: 249.37866
  pitch: -49.395824
money: '24540.0'
