lastAccountName: LuizHenrique12
timestamps:
  login: 1493591344775
  logout: 1493591380622
ipAddress: 187.183.34.197
lastlocation:
  world: world
  x: -124.0
  y: 64.0
  z: -228.0
  yaw: 0.0
  pitch: 0.0
logoutlocation:
  world: world
  x: 9437.883670307849
  y: 102.0
  z: -3203.265601306921
  yaw: -271.83847
  pitch: 0.022902137
