lastAccountName: kl15232
timestamps:
  login: 1492985708784
  kits:
    explorer: 1492985801544
  lastteleport: 1492985831548
  logout: 1492986096309
ipAddress: 177.97.114.103
lastlocation:
  world: world
  x: 9450.850851143432
  y: 103.0
  z: -3207.699999988079
  yaw: -292.68823
  pitch: 2.122899
logoutlocation:
  world: world
  x: 1765.8153094698202
  y: 79.0
  z: -322.1998220157851
  yaw: 255.25128
  pitch: 47.568867
money: '17714.28571428572'
