lastAccountName: yPikachuPvP
timestamps:
  login: 1493409697678
  lastteleport: 1493393002040
  kits:
    ouro: 1493252340727
    explorer: 1493249643473
    recruta: 1493249753252
    pvp: 1493392823515
    platina: 1493252619769
  logout: 1493409700177
ipAddress: 191.5.246.94
lastlocation:
  world: plotworld
  x: 20.75830979972906
  y: 65.0
  z: 2415.613375156051
  yaw: -325.4615
  pitch: 30.854692
logoutlocation:
  world: world
  x: 9454.5
  y: 102.5
  z: -3203.5
  yaw: -271.83847
  pitch: 0.022902137
money: '324917.5328621031'
homes:
  home:
    world: plotworld
    x: 114.40743532724932
    y: 65.0
    z: 2423.8739614917426
    yaw: -8.067192
    pitch: 27.00876
