lastAccountName: TioDaBaTaTa0214
timestamps:
  login: 1493386354847
  kits:
    explorer: 1493386452404
    pvp: 1493386461156
  lastteleport: 1493386468756
  logout: 1493386784247
ipAddress: 187.53.135.204
lastlocation:
  world: world
  x: 9435.941417801827
  y: 102.0
  z: -3203.312794408792
  yaw: -270.18842
  pitch: 4.5229025
logoutlocation:
  world: world
  x: 1798.0198049384137
  y: 79.0
  z: -329.8268704664285
  yaw: -175.94989
  pitch: 4.8
