lastAccountName: CaramujoAndante
timestamps:
  login: 1493140662156
  logout: 1493140693986
ipAddress: 143.0.23.67
lastlocation:
  world: world
  x: -124.0
  y: 64.0
  z: -228.0
  yaw: 0.0
  pitch: 0.0
logoutlocation:
  world: world
  x: 9452.651359231228
  y: 103.5
  z: -3202.7599619820107
  yaw: -90.10376
  pitch: -5.1193643
money: '0.0'
