lastAccountName: MaironXD
timestamps:
  login: 1492981398461
  kits:
    explorer: 1492976702993
    pvp: 1492976688942
  lastteleport: 1492981023326
  logout: 1492981401159
ipAddress: 179.187.27.253
lastlocation:
  world: plotworld
  x: -29.50032002122015
  y: 60.0
  z: 90.23864156122087
  yaw: -180.75002
  pitch: 24.450027
logoutlocation:
  world: world
  x: 9454.5
  y: 102.5
  z: -3203.5
  yaw: -275.73834
  pitch: 8.272902
money: '52111.26984126983'
