lastAccountName: xBatatinhax
timestamps:
  login: 1493323022774
  kits:
    explorer: 1493323065553
  logout: 1493323570728
ipAddress: 177.34.27.237
lastlocation:
  world: world
  x: -124.0
  y: 64.0
  z: -228.0
  yaw: 0.0
  pitch: 0.0
logoutlocation:
  world: world
  x: 9449.801406362256
  y: 105.0
  z: -3207.581133474295
  yaw: -189.15808
  pitch: -20.43304
money: '0.0'
