lastAccountName: uTrappedz
timestamps:
  login: 1493138857042
  lastteleport: 1493139508450
  kits:
    explorer: 1493139070271
    pvp: 1493139059870
  logout: 1493139988415
ipAddress: 177.53.241.161
lastlocation:
  world: world
  x: 9262.973399967208
  y: 111.5
  z: 1561.699999988079
  yaw: -7.387273
  pitch: 21.235468
money: '43650.42162698414'
logoutlocation:
  world: plotworld
  x: 198.2147479410207
  y: 67.78502770378924
  z: -202.69072651443798
  yaw: -0.50643563
  pitch: 29.74556
