lastAccountName: biscoitinhos
timestamps:
  login: 1493055681882
  kits:
    explorer: 1493055790192
  logout: 1493055830067
ipAddress: 200.155.33.6
logoutlocation:
  world: world
  x: 9459.056942006726
  y: 105.0
  z: -3186.194406353663
  yaw: -256.68842
  pitch: 8.422896
money: '0.0'
