lastAccountName: Explanado
timestamps:
  login: 1492980659332
  kits:
    explorer: 1492980741719
    novato: 1492980744371
    soldado: 1492980746371
  lastteleport: 1492980924252
ipAddress: 138.204.102.126
lastlocation:
  world: plotworld
  x: -168.83461611683424
  y: 65.0
  z: 78.56914113707113
  yaw: -314.98816
  pitch: 26.747702
money: '163820.0'
