lastAccountName: 4L2bIJ1m5fVqT0SC
timestamps:
  login: 1493397922786
  logout: 1493397927395
ipAddress: 179.244.120.235
lastlocation:
  world: world
  x: -124.0
  y: 64.0
  z: -228.0
  yaw: 0.0
  pitch: 0.0
logoutlocation:
  world: world
  x: 9454.5
  y: 103.0
  z: -3203.5
  yaw: -269.10977
  pitch: 83.40004
