lastAccountName: SilvaG4M3R
timestamps:
  login: 1493676111209
  kits:
    explorer: 1493498341719
    pvp: 1493498326201
  lastteleport: 1493498702420
  logout: 1493676123935
ipAddress: 191.178.107.16
lastlocation:
  world: world
  x: 9456.351410316733
  y: 103.0
  z: -3206.7192225157914
  yaw: -42.48842
  pitch: 6.022903
logoutlocation:
  world: world
  x: 9439.95140653139
  y: 102.0625
  z: -3203.2938787292223
  yaw: -271.3885
  pitch: 0.32290214
