lastAccountName: uRainbowPvPz
timestamps:
  login: 1493595919234
  logout: 1493599416324
  lastteleport: 1493598421061
  kits:
    explorer: 1493595361707
    pvp: 1493598407842
ipAddress: 189.105.44.16
lastlocation:
  world: world
  x: 9461.647428134502
  y: 102.5
  z: -3205.0825056286217
  yaw: -111.043365
  pitch: 8.650785
logoutlocation:
  world: world
  x: 9470.79288363621
  y: 106.0
  z: -3208.7151189624988
  yaw: 232.58325
  pitch: 41.841446
