lastAccountName: TonnyBR
timestamps:
  login: 1493131942163
  lastteleport: 1493132588518
  kits:
    explorer: 1493094343086
    pvp: 1493094862906
    bronze: 1493132617244
  logout: 1493134059058
ipAddress: 177.158.24.110
lastlocation:
  world: plotworld
  x: -253.50763546101922
  y: 65.5
  z: 3.2785568770416695
  yaw: 159.5998
  pitch: 31.949991
logoutlocation:
  world: world
  x: 1532.4647075650175
  y: 79.5
  z: -319.6784107201069
  yaw: -45.899883
  pitch: 2.5499883
money: '387823.3333333335'
