lastAccountName: Ray_kor
timestamps:
  login: 1493597576409
  kits:
    explorer: 1493511989670
  lastteleport: 1493597845821
  logout: 1493597924114
ipAddress: 177.98.153.217
lastlocation:
  world: world
  x: 423.9639139935512
  y: 29.5
  z: -2285.3126522720427
  yaw: 63.663757
  pitch: 77.17792
logoutlocation:
  world: world
  x: 9451.797768816803
  y: 103.0
  z: -3206.478921214739
  yaw: -340.09653
  pitch: 9.796727
