lastAccountName: SuperAssassino
timestamps:
  login: 1493576933366
  lastteleport: 1493577009313
  kits:
    explorer: 1493577031099
    recruta: 1493577550633
    pvp: 1493577018830
ipAddress: 189.74.215.56
lastlocation:
  world: world
  x: 1610.8957462059018
  y: 79.0
  z: -312.94332914733803
  yaw: -211.65137
  pitch: 0.90002626
