lastAccountName: iBielzinho_
timestamps:
  login: 1493407115272
  kits:
    explorer: 1493407130876
  logout: 1493407156085
ipAddress: 187.0.64.46
lastlocation:
  world: world
  x: -124.0
  y: 64.0
  z: -228.0
  yaw: 0.0
  pitch: 0.0
logoutlocation:
  world: world
  x: 9450.856730894398
  y: 103.5
  z: -3203.628490773191
  yaw: -270.8965
  pitch: 1.3416295
