lastAccountName: wwwafonso
timestamps:
  login: 1493564311441
  logout: 1493564313237
  kits:
    explorer: 1493482759870
    pvp: 1493482754320
  lastteleport: 1493487383002
ipAddress: 89.152.185.48
lastlocation:
  world: world
  x: 9449.509918381122
  y: 102.5
  z: -3201.135758890592
  yaw: -269.8884
  pitch: 18.772911
logoutlocation:
  world: world
  x: 9454.5
  y: 102.5
  z: -3203.5
  yaw: -271.83847
  pitch: 0.022902137
money: '308760.7090520833'
