lastAccountName: SpiderDZNdlc
timestamps:
  login: 1493489793219
  logout: 1493489863006
  lastteleport: 1493489855404
ipAddress: 143.137.216.3
lastlocation:
  world: world
  x: 424.3363676846595
  y: 30.0
  z: -2287.942439795764
  yaw: 189.1051
  pitch: 7.1873097
logoutlocation:
  world: world
  x: 424.6861093020998
  y: 30.0
  z: -2287.177676696769
  yaw: 7.018555
  pitch: -8.018237
