lastAccountName: OneForAll
timestamps:
  login: 1529018754523
  lastteleport: 1529018585312
  logout: 1529018779703
  kits:
    keydiaria: 1528866988613
    expert: 1528798931348
    keydiariavip: 1528866985215
    villager: 1528767375067
    herobrine: 1528770903787
    mestre: 1528769546262
    irongolem: 1528770910738
ipAddress: 201.6.233.44
lastlocation:
  world: world
  x: -419.9081844641156
  y: 61.98915727333863
  z: 60.12215560302266
  yaw: 13.269145
  pitch: 43.64992
logoutlocation:
  world: world
  x: -414.5
  y: 51.0
  z: 59.5
  yaw: -90.0813
  pitch: -0.26828748
