lastAccountName: OneForAll
timestamps:
  login: 1528864088786
  lastteleport: 1528864205594
  logout: 1528864449979
  kits:
    expert: 1528798931348
    villager: 1528767375067
    herobrine: 1528770903787
    mestre: 1528769546262
    irongolem: 1528770910738
ipAddress: 201.6.233.44
lastlocation:
  world: Mina
  x: 874.5335662670187
  y: 68.0
  z: -1252.5261616615708
  yaw: -109.75992
  pitch: 3.3321292
logoutlocation:
  world: Mina
  x: 887.6517514080994
  y: 67.0
  z: -1257.0986773034988
  yaw: 338.8897
  pitch: -10.617852
