lastAccountName: L0UKOG4M3R
timestamps:
  login: 1493342498070
  lastteleport: 1493314788590
  logout: 1493342653795
ipAddress: 187.65.49.111
lastlocation:
  world: world
  x: 826.8753362208239
  y: 208.0
  z: -4856.606990155616
  yaw: 70.9067
  pitch: 3.093701
money: '0.0'
logoutlocation:
  world: plotworld
  x: -95.11753561372149
  y: 65.0
  z: 148.70117996451995
  yaw: 88.88205
  pitch: 30.277155
