lastAccountName: FrostedOgre
timestamps:
  login: 1493399711577
  kits:
    pvp: 1493399886314
  lastteleport: 1493399951919
  logout: 1493399991175
ipAddress: 201.150.157.0
lastlocation:
  world: world
  x: 9464.671467453523
  y: 102.5
  z: -3202.785453004693
  yaw: 70.564514
  pitch: 11.213911
logoutlocation:
  world: world
  x: 9265.506011054002
  y: 108.0
  z: 1562.0427674786622
  yaw: -348.4018
  pitch: 8.665083
