lastAccountName: Nioshu
timestamps:
  login: 1493542909296
  lastteleport: 1493543125818
  kits:
    explorer: 1493542958049
    pvp: 1493542952095
    novato: 1493543327379
  logout: 1493543355034
ipAddress: 95.94.105.204
lastlocation:
  world: world
  x: 9450.76142672335
  y: 103.0
  z: -3205.2340254286883
  yaw: -80.06395
  pitch: 6.636827
logoutlocation:
  world: world
  x: 1792.7669557327367
  y: 79.0
  z: -316.662711818118
  yaw: -286.3281
  pitch: -3.6229494
