lastAccountName: Theticalhen275
timestamps:
  login: 1493673608870
  kits:
    explorer: 1493061740522
    pvp: 1493061735071
  lastteleport: 1493673640958
  logout: 1493673692757
ipAddress: 179.54.164.202
lastlocation:
  world: world
  x: 9448.903018458772
  y: 103.0
  z: -3203.3972469552673
  yaw: -271.83847
  pitch: 0.022902137
logoutlocation:
  world: world
  x: 9400.373331453718
  y: 119.0625
  z: -1073.1131161030103
  yaw: 184.65341
  pitch: -1.009033
money: '0.0'
