lastAccountName: zKingBoos_
timestamps:
  login: 1493492372852
  kits:
    campeao: 1493156252834
    prata: 1493153844253
    ouro: 1493153846756
    explorer: 1492969884751
    diamante: 1493153850005
    recruta: 1493153811207
    pvp: 1493153806199
    novato: 1493152920784
    soldado: 1493153815550
    bronze: 1493153819300
  lastteleport: 1493388377790
  logout: 1493492399288
ipAddress: 131.108.230.37
lastlocation:
  world: plotworld
  x: -104.85872618128441
  y: 65.0
  z: -270.9896641318744
  yaw: 269.2378
  pitch: 20.188494
money: '2781096.5059523834'
homes:
  casa:
    world: plotworld
    x: -86.83927110701865
    y: 47.0
    z: -155.69999998807907
    yaw: -359.69727
    pitch: 13.407196
  golem:
    world: plotworld
    x: -82.22158698391826
    y: 71.0
    z: -81.93143882675432
    yaw: -165.76848
    pitch: 52.807533
logoutlocation:
  world: plotworld
  x: -102.86255890858034
  y: 65.0
  z: -220.51754496889836
  yaw: 210.92735
  pitch: 32.097645
