lastAccountName: XxFilhoDoDinizxX
timestamps:
  login: 1492985084177
  logout: 1492985277989
  lastteleport: 1492985141205
ipAddress: 189.75.142.36
lastlocation:
  world: world
  x: 9475.300000011921
  y: 101.5
  z: -3207.322734534542
  yaw: -209.06488
  pitch: 56.71118
logoutlocation:
  world: world
  x: 1765.8318386327342
  y: 79.0
  z: -313.6736552116909
  yaw: 18.676931
  pitch: 34.87336
money: '0.0'
