lastAccountName: SefDuarte
timestamps:
  login: 1528642349610
  logout: 1528642358830
ipAddress: 177.157.152.99
logoutlocation:
  world: Mina
  x: 1105.6831450799089
  y: 112.0
  z: -1962.0434421335285
  yaw: -137.5105
  pitch: 90.0
