lastAccountName: 42_BlackHat_42
timestamps:
  login: 1493651757074
  lastteleport: 1493651817883
  kits:
    explorer: 1493651831187
  logout: 1493652141728
ipAddress: 201.57.204.66
lastlocation:
  world: world
  x: 9453.775631605295
  y: 104.0
  z: -3202.8773345162435
  yaw: -45.6391
  pitch: 8.572986
logoutlocation:
  world: world
  x: 9457.175184114118
  y: 103.5
  z: -3203.513786718525
  yaw: 96.707275
  pitch: 49.35002
