lastAccountName: Gabriel_Games_36
timestamps:
  login: 1493592774906
  kits:
    explorer: 1493592825970
  lastteleport: 1493594190998
  logout: 1493594810346
ipAddress: 177.13.43.36
lastlocation:
  world: world
  x: 9458.964702104367
  y: 105.0
  z: -3186.2803668212573
  yaw: -24.190918
  pitch: 57.899975
logoutlocation:
  world: world
  x: 1634.7717311975268
  y: 79.0
  z: -313.17806480816466
  yaw: -25.199951
  pitch: 4.050005
