lastAccountName: Ultra_ZGoD
timestamps:
  login: 1493593456050
  kits:
    explorer: 1493593511721
    pvp: 1493593560215
  lastteleport: 1493594012593
  logout: 1493594314311
ipAddress: 186.219.128.13
lastlocation:
  world: world
  x: 9454.50245028094
  y: 103.0
  z: -3203.7228247546495
  yaw: -269.10977
  pitch: 83.40004
logoutlocation:
  world: world
  x: 9272.151067451381
  y: 113.0
  z: 1588.692550924986
  yaw: -20.153564
  pitch: 46.3535
