lastAccountName: igorbh
timestamps:
  login: 1493388060811
  kits:
    prata: 1493331653308
    explorer: 1493253519159
    pvp: 1493294946948
  logout: 1493388167360
  lastteleport: 1493334329750
ipAddress: 187.14.5.231
lastlocation:
  world: plotworld
  x: 106.0
  y: 65.0
  z: -140.0
  yaw: 0.0
  pitch: 0.0
logoutlocation:
  world: plotworld
  x: 109.25723195177181
  y: 65.0
  z: -101.26723176764159
  yaw: 178.56615
  pitch: 12.015947
money: '502607.74801587313'
