lastAccountName: patricktopgames
timestamps:
  login: 1493508735207
  kits:
    explorer: 1493498325349
    pvp: 1493498317385
    novato: 1493498523312
  lastteleport: 1493499145934
  logout: 1493508738215
ipAddress: 177.71.42.152
lastlocation:
  world: world
  x: 1737.3517846474958
  y: 79.0
  z: -317.4493413160537
  yaw: -187.2298
  pitch: -21.973372
logoutlocation:
  world: world
  x: 9454.5
  y: 102.5
  z: -3203.5
  yaw: -271.9299
  pitch: -0.70856655
