lastAccountName: Ringinx
timestamps:
  login: 1492968288925
  lastteleport: 1492968576466
  logout: 1492970074925
ipAddress: 201.29.57.102
lastlocation:
  world: world
  x: 9452.912475003815
  y: 104.0
  z: -3202.3998960056774
  yaw: -23.148438
  pitch: 85.350006
logoutlocation:
  world: world
  x: 9455.525317940705
  y: 103.5
  z: -3201.5628519495963
  yaw: 229.49118
  pitch: 44.250008
money: '0.0'
