lastAccountName: Padraoo_
timestamps:
  login: 1493642952915
  logout: 1493642983830
ipAddress: 186.232.128.26
lastlocation:
  world: world
  x: -124.0
  y: 64.0
  z: -228.0
  yaw: 0.0
  pitch: 0.0
logoutlocation:
  world: world
  x: 9454.5
  y: 102.5
  z: -3203.5
  yaw: -271.83847
  pitch: 0.022902137
