lastAccountName: sky2ms_
timestamps:
  login: 1493395997799
  logout: 1493396028338
ipAddress: 177.154.41.191
lastlocation:
  world: world
  x: -124.0
  y: 64.0
  z: -228.0
  yaw: 0.0
  pitch: 0.0
logoutlocation:
  world: world
  x: 9452.517136789937
  y: 103.5
  z: -3203.4593530975494
  yaw: -271.83847
  pitch: 0.022902137
