lastAccountName: Guiciato
timestamps:
  login: 1528907853193
  kits:
    villager: 1528772255606
    zombie: 1528840931848
  lastteleport: 1528907685853
  logout: 1528912055997
ipAddress: 187.101.206.4
lastlocation:
  world: Mina
  x: 856.7800129692141
  y: 51.0
  z: -1255.616968451135
  yaw: 261.2999
  pitch: 15.449995
logoutlocation:
  world: Mina
  x: 848.4251036675514
  y: 67.0
  z: -1248.2484095625055
  yaw: -16.303944
  pitch: 25.200043
