lastAccountName: _SrKing_
timestamps:
  login: 1493386084318
  logout: 1493386103920
ipAddress: 189.11.81.240
lastlocation:
  world: world
  x: -124.0
  y: 64.0
  z: -228.0
  yaw: 0.0
  pitch: 0.0
logoutlocation:
  world: world
  x: 9451.486654899596
  y: 103.5
  z: -3203.4528153550345
  yaw: -100.168106
  pitch: 22.738758
