lastAccountName: mattia04
timestamps:
  login: 1493308353913
  logout: 1493308373627
ipAddress: 151.28.20.144
lastlocation:
  world: world
  x: -124.0
  y: 64.0
  z: -228.0
  yaw: 0.0
  pitch: 0.0
logoutlocation:
  world: world
  x: 9434.13612109077
  y: 102.0
  z: -3203.37902497681
  yaw: -85.38851
  pitch: 13.9729
money: '0.0'
