lastAccountName: esteker
timestamps:
  login: 1493660523061
  kits:
    explorer: 1493660559573
  lastteleport: 1493660669253
  logout: 1493660699468
ipAddress: 179.98.238.184
lastlocation:
  world: world
  x: 1760.799365374906
  y: 79.0
  z: -312.8465659851454
  yaw: 89.17704
  pitch: 13.594523
logoutlocation:
  world: world
  x: 9400.131844082947
  y: 119.0625
  z: -1069.7588936471836
  yaw: 357.03308
  pitch: 34.02645
