lastAccountName: zLuizG0D
timestamps:
  login: 1493647145877
  logout: 1493647224188
ipAddress: 187.183.34.197
lastlocation:
  world: world
  x: -124.0
  y: 64.0
  z: -228.0
  yaw: 0.0
  pitch: 0.0
logoutlocation:
  world: world
  x: 9457.46059132431
  y: 103.0
  z: -3205.513243316242
  yaw: -151.7607
  pitch: 28.481936
