lastAccountName: XLucarioX
timestamps:
  login: 1493500811194
  logout: 1493501088016
  kits:
    pvp: 1493500852904
  lastteleport: 1493500871879
ipAddress: 186.225.219.38
lastlocation:
  world: world
  x: 9454.185893118043
  y: 103.5
  z: -3199.604490983832
  yaw: -177.05867
  pitch: 2.5451877
logoutlocation:
  world: world
  x: 9291.550572343644
  y: 108.0
  z: 1566.7500425573419
  yaw: -337.5784
  pitch: 4.490893
