lastAccountName: Skiizz
timestamps:
  login: 1493138959048
  logout: 1493139047620
ipAddress: 186.232.130.223
lastlocation:
  world: world
  x: -124.0
  y: 64.0
  z: -228.0
  yaw: 0.0
  pitch: 0.0
logoutlocation:
  world: world
  x: 9449.068877163863
  y: 105.0
  z: -3207.699999988079
  yaw: -321.94922
  pitch: -31.907505
money: '0.0'
