lastAccountName: ImHacker
timestamps:
  login: 1493669092155
  logout: 1493669121022
ipAddress: 89.115.178.46
lastlocation:
  world: world
  x: -124.0
  y: 64.0
  z: -228.0
  yaw: 0.0
  pitch: 0.0
logoutlocation:
  world: world
  x: 9454.41322700121
  y: 103.5
  z: -3205.0888251050746
  yaw: -35.58896
  pitch: 37.67292
