lastAccountName: LuizBr_Games
timestamps:
  login: 1493417379163
  kits:
    explorer: 1493417424681
    pvp: 1493417569545
    novato: 1493418221000
  lastteleport: 1493419096910
  logout: 1493419418983
ipAddress: 177.104.15.137
lastlocation:
  world: world
  x: 9277.675709497133
  y: 110.5
  z: 1583.300000011921
  yaw: -173.7943
  pitch: 11.007722
logoutlocation:
  world: world
  x: 2133.1498119915314
  y: 56.0
  z: -2012.6000231400603
  yaw: -181.16724
  pitch: 10.8
