lastAccountName: zGuhFight_
timestamps:
  login: 1493594595640
  kits:
    explorer: 1493594651368
    recruta: 1493595486967
    pvp: 1493594617383
    iniciante: 1493595194634
    soldado: 1493595579036
  lastteleport: 1493595180912
  logout: 1493595699901
ipAddress: 177.136.153.96
lastlocation:
  world: world
  x: 1660.3482016795995
  y: 80.0
  z: -336.14208967694003
  yaw: -157.5462
  pitch: 17.485222
logoutlocation:
  world: world
  x: 1554.522522483703
  y: 80.0
  z: -337.75789021830167
  yaw: -146.59656
  pitch: 18.451597
