lastAccountName: DIvulgazwe343
timestamps:
  login: 1528856215357
  logout: 1528856216251
ipAddress: 189.35.145.19
lastlocation:
  world: world
  x: -414.4926697623483
  y: 51.0
  z: 59.5279402165941
  yaw: -90.0813
  pitch: -0.26828748
logoutlocation:
  world: world
  x: -414.06977107720337
  y: 51.0
  z: 59.50095835275715
  yaw: -91.97546
  pitch: 7.5789475
