lastAccountName: Dcraftger
timestamps:
  login: 1493329271285
  kits:
    explorer: 1493228196480
  lastteleport: 1493228471662
  logout: 1493329279964
ipAddress: 179.108.147.74
lastlocation:
  world: world
  x: 9443.509646005294
  y: 107.5
  z: -3191.2372213178255
  yaw: -94.238625
  pitch: 63.022896
money: '457829.16666666674'
logoutlocation:
  world: world
  x: 9454.5
  y: 102.5
  z: -3203.5
  yaw: -262.3885
  pitch: -0.27709785
