lastAccountName: Guilherme_XD
timestamps:
  login: 1493492859711
  kits:
    prata: 1493481959319
    explorer: 1493426534091
    recruta: 1493429687352
    pvp: 1493495322615
    iniciante: 1493431179130
    novato: 1493429710506
    soldado: 1493461172793
    bronze: 1493478090039
  lastteleport: 1493495835303
  logout: 1493496639718
ipAddress: 138.255.10.18
lastlocation:
  world: plotworld
  x: -108.14941442590812
  y: 65.875
  z: -278.8428349320644
  yaw: -266.47375
  pitch: 20.279634
logoutlocation:
  world: plotworld
  x: -91.69999998807907
  y: 66.0
  z: -281.30000001192093
  yaw: -323.3028
  pitch: 18.562971
money: '37575.360513393'
homes:
  home:
    world: plotworld
    x: -98.61514915747227
    y: 65.0
    z: -277.98922217591183
    yaw: -316.43365
    pitch: 19.094711
