lastAccountName: yMatthewSZ
timestamps:
  login: 1528654973101
  logout: 1528654995546
ipAddress: 201.6.234.93
lastlocation:
  world: world
  x: -414.4926697623483
  y: 51.0
  z: 59.5279402165941
  yaw: -90.0813
  pitch: -0.26828748
logoutlocation:
  world: world
  x: -414.07133983449074
  y: 51.0
  z: 59.475131465122104
  yaw: -109.30995
  pitch: 5.0502796
