lastAccountName: LOOP3S
timestamps:
  login: 1493212711519
  kits:
    explorer: 1493212780796
    pvp: 1493212797698
  lastteleport: 1493212893376
  logout: 1493213640268
ipAddress: 191.248.27.10
lastlocation:
  world: world
  x: 1781.9243880242934
  y: 93.0
  z: -327.1356778055657
  yaw: -45.900116
  pitch: -1.9499946
logoutlocation:
  world: world
  x: 9452.192105353051
  y: 103.5
  z: -3204.745130296501
  yaw: -98.85968
  pitch: 27.000025
money: '4280.381944444442'
