lastAccountName: kawwai
timestamps:
  login: 1493483765975
  kits:
    explorer: 1493431666597
  lastteleport: 1493431982056
  logout: 1493483762727
ipAddress: 131.255.230.201
lastlocation:
  world: world
  x: 2112.4487652392836
  y: 57.5
  z: -2013.6661349734945
  yaw: -137.06908
  pitch: 12.00448
logoutlocation:
  world: world
  x: 9454.5
  y: 103.0
  z: -3203.5
  yaw: -271.83847
  pitch: 0.022902137
