lastAccountName: xMaathP0L3M1C0z
timestamps:
  login: 1493074823827
  kits:
    prata: 1493076852992
    explorer: 1493074955098
  lastteleport: 1493076550520
  logout: 1493079211137
ipAddress: 187.95.127.11
lastlocation:
  world: world
  x: 1244.0148651997702
  y: 40.0
  z: -706.5803750463455
  yaw: 86.514046
  pitch: -24.689999
logoutlocation:
  world: world
  x: 9469.68670766897
  y: 100.0
  z: -3168.480979939901
  yaw: -61.94461
  pitch: 16.55688
money: '70395.59925093642'
