lastAccountName: JoaoNinguem
timestamps:
  login: 1528816426475
  logout: 1528816428236
ipAddress: 177.97.250.59
lastlocation:
  world: world
  x: -414.4926697623483
  y: 51.0
  z: 59.5279402165941
  yaw: -90.0813
  pitch: -0.26828748
logoutlocation:
  world: world
  x: -403.88966899983296
  y: 51.0
  z: 59.4263720457152
  yaw: -23.631298
  pitch: 9.181712
