lastAccountName: NobeReste
timestamps:
  login: 1493332187837
  logout: 1493332209489
ipAddress: 179.186.132.98
lastlocation:
  world: world
  x: -124.0
  y: 64.0
  z: -228.0
  yaw: 0.0
  pitch: 0.0
logoutlocation:
  world: world
  x: 9452.299834292277
  y: 103.0
  z: -3207.607566686911
  yaw: 151.94061
  pitch: 18.812939
