lastAccountName: CABRITINHO2003
timestamps:
  login: 1493164536380
  kits:
    explorer: 1493164581387
  lastteleport: 1493164605885
  logout: 1493165423428
ipAddress: 189.4.195.33
lastlocation:
  world: world
  x: 9453.212202076997
  y: 103.5
  z: -3203.4811743712053
  yaw: -271.68848
  pitch: 0.022902137
logoutlocation:
  world: world
  x: 1737.9396275525014
  y: 79.0
  z: -314.11361990296774
  yaw: 133.94836
  pitch: -8.700024
money: '1163.1944444444407'
