lastAccountName: OTAVIOLANA1
timestamps:
  login: 1493391147944
  kits:
    explorer: 1492987963956
    pvp: 1492989189956
  lastteleport: 1493338923944
  logout: 1493391602134
ipAddress: 201.4.87.30
lastlocation:
  world: world
  x: 9446.33514771029
  y: 103.0
  z: -3203.317801104489
  yaw: -97.25015
  pitch: 13.33248
logoutlocation:
  world: plotworld
  x: -103.71075261931408
  y: 65.0
  z: -62.676975586959934
  yaw: 351.8888
  pitch: 16.994959
money: '65657.14285714286'
