lastAccountName: xXLennyXx
timestamps:
  login: 1493493783191
  logout: 1493493843594
ipAddress: 177.9.197.146
lastlocation:
  world: world
  x: -124.0
  y: 64.0
  z: -228.0
  yaw: 0.0
  pitch: 0.0
logoutlocation:
  world: world
  x: 9422.530925425139
  y: 101.0
  z: -3203.8671450628394
  yaw: -204.50304
  pitch: 13.768379
