lastAccountName: felipe1324
timestamps:
  login: 1493676981285
  lastteleport: 1493677855473
  kits:
    pvp: 1493652886023
  logout: 1493678119656
ipAddress: 189.51.96.238
lastlocation:
  world: world
  x: 9273.185255347513
  y: 108.0
  z: 1573.2158558996111
  yaw: -66.64746
  pitch: -6.2629037
logoutlocation:
  world: world
  x: 9455.728964452057
  y: 101.5
  z: -3228.352527025789
  yaw: -290.16754
  pitch: 20.034912
