lastAccountName: Kibox
timestamps:
  login: 1493566675696
  logout: 1493566817357
ipAddress: 177.98.127.38
lastlocation:
  world: world
  x: -124.0
  y: 64.0
  z: -228.0
  yaw: 0.0
  pitch: 0.0
logoutlocation:
  world: world
  x: 9454.698827797858
  y: 103.5
  z: -3200.508267472231
  yaw: 74.81152
  pitch: -2.227056
