lastAccountName: Mickey_BR
timestamps:
  login: 1493496844187
  kits:
    explorer: 1493496893302
  lastteleport: 1493497894312
  logout: 1493498828917
ipAddress: 179.111.33.98
lastlocation:
  world: world
  x: 767.8104767727809
  y: 76.0
  z: -1008.3713687758426
  yaw: -225.59479
  pitch: 2.4983573
money: '607.5243055555'
logoutlocation:
  world: world
  x: 1562.7387383443292
  y: 79.0
  z: -316.8630789661469
  yaw: 228.7561
  pitch: -24.754232
