lastAccountName: ImKing_TNT
timestamps:
  login: 1492973990769
  lastteleport: 1492974095701
  logout: 1492974109258
ipAddress: 151.35.13.38
lastlocation:
  world: world
  x: 9493.112000317138
  y: 100.0
  z: -3205.692051619655
  yaw: -243.78845
  pitch: 21.772882
logoutlocation:
  world: world
  x: -882.7844320429434
  y: 95.0
  z: -1715.8929961865379
  yaw: 270.51105
  pitch: 8.282504
money: '0.0'
