lastAccountName: EsqueciSenha
timestamps:
  login: 1492991229324
  lastteleport: 1492988036029
  kits:
    explorer: 1492990405730
  logout: 1492991242175
ipAddress: 186.232.128.26
lastlocation:
  world: world
  x: 9470.699999988079
  y: 105.0
  z: -3207.9732739035435
  yaw: 3.2615688
  pitch: 33.322895
logoutlocation:
  world: world
  x: 9454.5
  y: 103.0
  z: -3203.5
  yaw: -271.83847
  pitch: 0.022902137
money: '0.0'
