lastAccountName: xande9122
timestamps:
  login: 1493158960572
  lastteleport: 1493158483056
  kits:
    explorer: 1492970452016
    pvp: 1493158363661
  logout: 1493158389663
ipAddress: 170.0.242.245
lastlocation:
  world: world
  x: 9452.01561042331
  y: 103.0
  z: -3211.7245936696977
  yaw: -187.38834
  pitch: 4.072904
logoutlocation:
  world: world
  x: 9446.011191630985
  y: 103.0
  z: -3203.3795159753063
  yaw: -271.83847
  pitch: 0.022902137
money: '1769.8214285714494'
