lastAccountName: guiguiguiextreme
timestamps:
  login: 1493448231146
  lastteleport: 1493450782044
  kits:
    prata: 1493170420851
    ouro: 1493238167950
    explorer: 1493082522948
    recruta: 1493166993340
    pvp: 1493166961969
    iniciante: 1493157046869
    bronze: 1493157013910
    novato: 1493166974228
    soldado: 1493167057230
    platina: 1493238184607
  logout: 1493451144478
ipAddress: 201.68.196.247
lastlocation:
  world: plotworld
  x: -346.125416765872
  y: 65.5
  z: -138.00233374413304
  yaw: 71.34851
  pitch: 21.26781
money: '225560.54253472202'
logoutlocation:
  world: plotworld
  x: -294.79232093274965
  y: 65.0
  z: -75.01190748782939
  yaw: 90.31958
  pitch: 21.297411
