lastAccountName: xAlladin
timestamps:
  login: 1493064090559
  kits:
    prata: 1492992057907
    ouro: 1492983110834
    explorer: 1492977770669
    platina: 1492990825064
    bronze: 1492992054542
    soldado: 1492992069510
  lastteleport: 1493064582057
  logout: 1493065120927
ipAddress: 187.34.225.215
lastlocation:
  world: plotworld
  x: -162.98122004112815
  y: 1.0
  z: 43.959881360005625
  yaw: -55.03356
  pitch: 3.7500212
money: '188974.42857142864'
logoutlocation:
  world: plotworld
  x: -174.21955478238613
  y: 1.0
  z: 43.48228819432693
  yaw: -311.92953
  pitch: 20.249407
