lastAccountName: sosomania
timestamps:
  login: 1493482889759
  logout: 1493482902093
ipAddress: 187.22.125.117
lastlocation:
  world: world
  x: -124.0
  y: 64.0
  z: -228.0
  yaw: 0.0
  pitch: 0.0
logoutlocation:
  world: world
  x: 9438.855113551057
  y: 102.0
  z: -3204.200529707088
  yaw: -291.78818
  pitch: 13.822901
money: '0.0'
