lastAccountName: Nuno23Sniper
timestamps:
  login: 1493602363566
  logout: 1493602377773
ipAddress: 89.109.123.191
lastlocation:
  world: world
  x: -124.0
  y: 64.0
  z: -228.0
  yaw: 0.0
  pitch: 0.0
logoutlocation:
  world: world
  x: 9450.075727920563
  y: 103.0
  z: -3201.4565889224505
  yaw: 199.19998
  pitch: -15.000001
