lastAccountName: bit195br
timestamps:
  login: 1493330611147
  kits:
    explorer: 1493330626749
    recruta: 1493330815155
  lastteleport: 1493331233091
  logout: 1493332882431
ipAddress: 177.139.40.157
lastlocation:
  world: world
  x: 2114.1673094376797
  y: 57.0
  z: -2014.2789812861297
  yaw: 50.79486
  pitch: 8.665761
logoutlocation:
  world: world
  x: 9400.658421121474
  y: 119.0
  z: -1076.0206714644287
  yaw: -89.821106
  pitch: 16.510456
