lastAccountName: Rokkusuta
timestamps:
  login: 1493528134988
  logout: 1493528163088
ipAddress: 131.255.230.201
lastlocation:
  world: world
  x: -124.0
  y: 64.0
  z: -228.0
  yaw: 0.0
  pitch: 0.0
logoutlocation:
  world: world
  x: 9452.57162321351
  y: 104.24918707874468
  z: -3222.5050314747946
  yaw: -230.55939
  pitch: 30.299995
