lastAccountName: GamerProBR
timestamps:
  login: 1493578757357
  logout: 1493579055727
ipAddress: 191.178.69.38
lastlocation:
  world: world
  x: -124.0
  y: 64.0
  z: -228.0
  yaw: 0.0
  pitch: 0.0
logoutlocation:
  world: world
  x: 9442.17830259997
  y: 103.0
  z: -3200.0922260025013
  yaw: -115.41137
  pitch: 1.3500062
