lastAccountName: guciato
timestamps:
  login: 1528863565704
  logout: 1528863577477
ipAddress: 177.15.96.54
lastlocation:
  world: world
  x: -414.4926697623483
  y: 51.0
  z: 59.5279402165941
  yaw: -90.0813
  pitch: -0.26828748
logoutlocation:
  world: world
  x: -414.5
  y: 51.0
  z: 59.5
  yaw: -90.104294
  pitch: -0.26828748
