lastAccountName: Guilherme_200
timestamps:
  login: 1493157036268
  kits:
    explorer: 1493157074937
  lastteleport: 1493157088990
  logout: 1493157101654
ipAddress: 187.123.122.137
lastlocation:
  world: world
  x: 9452.399707062727
  y: 103.5
  z: -3203.3525645961645
  yaw: -268.87607
  pitch: 21.816786
logoutlocation:
  world: world
  x: 1767.00084461313
  y: 79.0
  z: -316.6243035886811
  yaw: -100.75755
  pitch: -8.8411045
money: '606.4453125'
