lastAccountName: iMaaathMCPVP_
timestamps:
  login: 1492993578750
  kits:
    explorer: 1492993637247
    recruta: 1492993753730
    iniciante: 1492993820896
  lastteleport: 1492994521914
  logout: 1492994587916
ipAddress: 187.95.126.11
lastlocation:
  world: world
  x: 1609.8853284266065
  y: 79.0
  z: -313.43966132342393
  yaw: -1.1642709
  pitch: 8.185304
money: '476.7857142857174'
logoutlocation:
  world: world
  x: 9272.765031134251
  y: 113.0
  z: 1580.237500011921
  yaw: -188.78914
  pitch: 30.433367
