lastAccountName: PirataDoCapeta
timestamps:
  login: 1493671731533
  kits:
    explorer: 1493671751024
  lastteleport: 1493671855178
  logout: 1493672060215
ipAddress: 189.72.116.164
lastlocation:
  world: world
  x: 9452.681835086345
  y: 103.5
  z: -3202.8645585147897
  yaw: 83.22974
  pitch: 28.488249
logoutlocation:
  world: world
  x: 1687.9658822574986
  y: 79.0
  z: -316.5597851269508
  yaw: 343.05066
  pitch: 5.399994
