lastAccountName: zampinshd
timestamps:
  login: 1493491813577
  logout: 1493491830057
ipAddress: 170.254.200.44
lastlocation:
  world: world
  x: -124.0
  y: 64.0
  z: -228.0
  yaw: 0.0
  pitch: 0.0
logoutlocation:
  world: world
  x: 9451.96398213015
  y: 103.5
  z: -3203.478664286842
  yaw: -271.83847
  pitch: 0.022902137
