lastAccountName: SubGamerXD
timestamps:
  login: 1493168220737
  logout: 1493168381544
ipAddress: 177.32.203.59
lastlocation:
  world: world
  x: -124.0
  y: 64.0
  z: -228.0
  yaw: 0.0
  pitch: 0.0
logoutlocation:
  world: world
  x: 9436.134167517841
  y: 105.0
  z: -3199.539733860108
  yaw: -254.88837
  pitch: 52.5229
money: '0.0'
