lastAccountName: CHAMEQUINHO
timestamps:
  login: 1493476940750
  kits:
    explorer: 1493476987571
  lastteleport: 1493477351557
  logout: 1493477353858
ipAddress: 179.209.59.87
lastlocation:
  world: world
  x: 9276.43452833045
  y: 111.0
  z: 1584.2590241897312
  yaw: 8.15636
  pitch: 14.607729
logoutlocation:
  world: world
  x: 9276.43452833045
  y: 111.0
  z: 1584.2590241897312
  yaw: 8.15636
  pitch: 14.607729
