lastAccountName: ObugOp
timestamps:
  login: 1493326272158
  logout: 1493326302815
ipAddress: 201.43.233.14
lastlocation:
  world: world
  x: -124.0
  y: 64.0
  z: -228.0
  yaw: 0.0
  pitch: 0.0
logoutlocation:
  world: world
  x: 9430.18893005523
  y: 101.5
  z: -3204.7998734168973
  yaw: -274.9759
  pitch: 2.532844
money: '0.0'
