lastAccountName: DarkXitando
timestamps:
  login: 1528834689461
ipAddress: 189.35.145.19
logoutlocation:
  world: world
  x: -414.4926697623483
  y: 51.0
  z: 59.5279402165941
  yaw: -90.0813
  pitch: -0.26828748
