lastAccountName: Frostbxtten
timestamps:
  login: 1493615872327
  kits:
    explorer: 1493204641720
    pvp: 1493204631118
  lastteleport: 1493615912530
  logout: 1493616019820
ipAddress: 177.154.41.191
lastlocation:
  world: world
  x: 9469.240551021834
  y: 103.0
  z: -3202.2808920554817
  yaw: -104.19104
  pitch: 27.61176
logoutlocation:
  world: world
  x: 9401.770733903386
  y: 119.0
  z: -1074.1692397395225
  yaw: 13.02005
  pitch: 52.42669
money: '1375.0'
