lastAccountName: sqvwl
timestamps:
  login: 1492990702234
  lastteleport: 1492990730536
  kits:
    explorer: 1492990785265
    pvp: 1492990776312
  logout: 1492990801856
ipAddress: 177.154.41.191
lastlocation:
  world: world
  x: 9427.581442162624
  y: 101.5
  z: -3202.718426694686
  yaw: -272.1469
  pitch: 0.4341458
logoutlocation:
  world: world
  x: 9399.34038362942
  y: 119.0
  z: -1075.5272399430057
  yaw: -45.07161
  pitch: 8.302672
money: '0.0'
