lastAccountName: Gamesplaybr55
timestamps:
  login: 1493328741124
  logout: 1493328817144
ipAddress: 177.72.128.18
lastlocation:
  world: world
  x: -124.0
  y: 64.0
  z: -228.0
  yaw: 0.0
  pitch: 0.0
logoutlocation:
  world: world
  x: 9439.300000011921
  y: 102.0
  z: -3200.05954128362
  yaw: -95.58838
  pitch: 44.122906
