lastAccountName: yJoao_GOD
timestamps:
  login: 1493302754680
  kits:
    explorer: 1493302772381
  lastteleport: 1493303037293
  logout: 1493303093497
ipAddress: 94.132.240.93
lastlocation:
  world: world
  x: 1766.9017326162968
  y: 79.0
  z: -313.41993328064905
  yaw: 13.4776
  pitch: -0.18515436
logoutlocation:
  world: plotworld
  x: -112.69999998807907
  y: 62.0
  z: -51.69999998807908
  yaw: -140.6676
  pitch: 32.939934
money: '3613.2812499999995'
