lastAccountName: ITheMaster_
timestamps:
  login: 1493328680552
  kits:
    explorer: 1493328712906
    pvp: 1493328752725
  lastteleport: 1493328952330
  logout: 1493329132364
ipAddress: 187.6.117.96
lastlocation:
  world: world
  x: 9273.777407552863
  y: 99.0
  z: 1570.410981536296
  yaw: 181.48903
  pitch: 34.95049
logoutlocation:
  world: world
  x: 9453.380027333227
  y: 102.24918707874468
  z: -3233.729271334533
  yaw: -340.1988
  pitch: 29.139221
