lastAccountName: DoritinhoPlay45
timestamps:
  login: 1493334408790
  logout: 1493334478968
  lastteleport: 1493334436392
ipAddress: 191.55.15.185
lastlocation:
  world: world
  x: 9453.828578635132
  y: 103.5
  z: -3201.4634909294887
  yaw: -63.78833
  pitch: 55.672874
logoutlocation:
  world: world
  x: -897.3792030102389
  y: 95.0
  z: -1713.1932583393543
  yaw: 158.16272
  pitch: 28.200003
