lastAccountName: Samuel_420
timestamps:
  login: 1492972505080
  logout: 1492972535287
ipAddress: 177.128.168.84
lastlocation:
  world: world
  x: -124.0
  y: 64.0
  z: -228.0
  yaw: 0.0
  pitch: 0.0
logoutlocation:
  world: world
  x: 9442.447683287435
  y: 105.1707870772188
  z: -3194.027112545849
  yaw: -215.52277
  pitch: 25.228968
money: '0.0'
