lastAccountName: humbertof
timestamps:
  login: 1493595890361
  kits:
    prata: 1493579007931
    ouro: 1493598228174
    explorer: 1493575688160
    pvp: 1493575678075
    platina: 1493597126598
  lastteleport: 1493598257476
  logout: 1493598501663
ipAddress: 191.33.112.186
lastlocation:
  world: world
  x: 9454.638329485631
  y: 102.5
  z: -3203.371943538379
  yaw: -269.61014
  pitch: 83.14986
money: '5222091.80359127'
homes:
  op:
    world: plotworld
    x: 29.840794205501673
    y: 65.0
    z: 2428.452759882614
    yaw: 188.13539
    pitch: 9.498915
  plot:
    world: plotworld
    x: -322.2056659157953
    y: 65.0
    z: -278.8193938620408
    yaw: 44.782223
    pitch: 12.008651
logoutlocation:
  world: world
  x: 9275.026044265707
  y: 108.0
  z: 1539.300000011921
  yaw: 335.2517
  pitch: 24.979874
