lastAccountName: SRjoabeMITO
timestamps:
  login: 1493153448289
  logout: 1493153476835
ipAddress: 177.13.11.21
lastlocation:
  world: world
  x: -124.0
  y: 64.0
  z: -228.0
  yaw: 0.0
  pitch: 0.0
logoutlocation:
  world: world
  x: 9454.658194967533
  y: 103.5
  z: -3206.139547106631
  yaw: 182.01707
  pitch: 35.868397
money: '0.0'
