lastAccountName: SirGalletas
timestamps:
  login: 1493069580402
  kits:
    prata: 1492973888676
    ouro: 1492987750220
    explorer: 1492968367747
    recruta: 1492969835569
    diamante: 1493070634270
    pvp: 1492974035620
    iniciante: 1492969676798
    novato: 1492968657955
    soldado: 1492973879424
    bronze: 1492973884125
    platina: 1492990029138
  lastteleport: 1493071173204
  logout: 1493071441453
ipAddress: 179.153.11.155
lastlocation:
  world: plotworld
  x: 110.27388499906064
  y: 65.0
  z: 150.42481816015382
  yaw: -41.49994
  pitch: 18.250002
logoutlocation:
  world: world
  x: 1316.682132330572
  y: 93.0
  z: -337.69999998807907
  yaw: 0.0
  pitch: 0.0
money: '2773184.1974206334'
