lastAccountName: PixelPT
timestamps:
  login: 1493405034469
  kits:
    explorer: 1493405075021
    pvp: 1493405081249
  lastteleport: 1493405850634
  logout: 1493405895173
ipAddress: 200.180.238.106
lastlocation:
  world: world
  x: 9453.71796172703
  y: 104.0
  z: -3202.438561256781
  yaw: -213.46826
  pitch: 35.734188
logoutlocation:
  world: world
  x: 9280.332794009468
  y: 111.0
  z: 1577.3546683165425
  yaw: -171.02434
  pitch: 3.6269023
