lastAccountName: Leo907654
timestamps:
  login: 1493057205253
  lastteleport: 1492979073418
  kits:
    explorer: 1492977751564
    pvp: 1492977738014
    iniciante: 1492978257516
  logout: 1493057253313
ipAddress: 177.13.166.10
lastlocation:
  world: world
  x: 1255.414732900256
  y: 47.0
  z: -722.9175066179598
  yaw: -229.68124
  pitch: 10.368054
logoutlocation:
  world: world
  x: 9420.866563335374
  y: 102.0
  z: -3201.2617610006837
  yaw: -262.62234
  pitch: 6.1669016
money: '193367.85714285716'
