lastAccountName: rUsKaT
timestamps:
  login: 1493594288383
  kits:
    explorer: 1493593944357
  lastteleport: 1493594234444
  logout: 1493594289282
ipAddress: 170.246.98.186
lastlocation:
  world: world
  x: 9456.20305873728
  y: 103.5
  z: -3200.727553710211
  yaw: -200.74345
  pitch: -2.7940085
logoutlocation:
  world: world
  x: 9454.5
  y: 102.5
  z: -3203.5
  yaw: -270.93848
  pitch: 4.5229025
