lastAccountName: Cangasso
timestamps:
  login: 1493500893015
  logout: 1493500910315
ipAddress: 201.25.42.212
lastlocation:
  world: world
  x: -124.0
  y: 64.0
  z: -228.0
  yaw: 0.0
  pitch: 0.0
logoutlocation:
  world: world
  x: 9471.449544254498
  y: 103.9807108763317
  z: -3205.7835442953447
  yaw: -92.10379
  pitch: 24.258127
