lastAccountName: PudinTrigoBR_
timestamps:
  login: 1493661876426
  lastteleport: 1493665000090
  kits:
    prata: 1493655839737
    explorer: 1493654745190
    pvp: 1493658363321
    bronze: 1493655612071
    platina: 1493659053023
    novato: 1493660679455
  logout: 1493665103501
ipAddress: 200.161.107.5
lastlocation:
  world: plotworld
  x: 247.37728203108588
  y: 61.0
  z: 299.17834095702784
  yaw: 103.09462
  pitch: 51.733376
homes:
  home:
    world: plotworld
    x: 278.5410592486548
    y: 65.0
    z: 308.9436222363776
    yaw: 16.236069
    pitch: 16.341368
  oi:
    world: plotworld
    x: 88.30000001192093
    y: 65.0
    z: 195.63185544278826
    yaw: -104.338135
    pitch: 50.989975
logoutlocation:
  world: plotworld
  x: 247.10007618263262
  y: 61.0
  z: 295.20258206146184
  yaw: 178.50107
  pitch: 17.928099
