lastAccountName: eberth_5000
timestamps:
  login: 1493228177611
  logout: 1493228211334
  kits:
    explorer: 1493177760002
    iniciante: 1493179846555
    novato: 1493179824003
  lastteleport: 1493179883965
ipAddress: 179.177.188.83
lastlocation:
  world: world
  x: 9259.289409094135
  y: 111.0
  z: 1567.8702677779108
  yaw: -17.038084
  pitch: -3.9168162
logoutlocation:
  world: world
  x: 9437.12179841364
  y: 102.5
  z: -3202.2072866315193
  yaw: -97.88641
  pitch: -8.202371
money: '3175.713665674604'
