lastAccountName: KristianLima
timestamps:
  login: 1528835293290
  lastteleport: 1528834659332
  logout: 1528835331674
ipAddress: 187.10.166.239
lastlocation:
  world: world
  x: -408.8879448922553
  y: 51.0
  z: 59.5365430790005
  yaw: -53.969685
  pitch: 8.850801
money: '100'
logoutlocation:
  world: LojaPvP
  x: 2304.232646000546
  y: 33.363676564471895
  z: -944.2533817258069
  yaw: 285.7544
  pitch: 27.181898
