lastAccountName: NoturnoGamerPT
timestamps:
  login: 1493544376284
  kits:
    explorer: 1493510490110
  lastteleport: 1493544579848
  logout: 1493544583098
ipAddress: 81.84.146.48
lastlocation:
  world: world
  x: 9260.745399700543
  y: 111.0625
  z: 1567.4597364891652
  yaw: -354.60733
  pitch: -2.2863524
money: '21564.87958829365'
logoutlocation:
  world: world
  x: 9446.995574481882
  y: 102.5
  z: -3204.35962146248
  yaw: -285.6377
  pitch: 43.332172
