lastAccountName: Chokitow
timestamps:
  login: 1493652363571
  kits:
    prata: 1493652383961
    ouro: 1493654126758
    explorer: 1493161391891
    recruta: 1493499615718
    pvp: 1493653583101
    iniciante: 1493500920523
    bronze: 1493652382261
    soldado: 1493499594915
  lastteleport: 1493657362809
  logout: 1493657796090
ipAddress: 187.109.95.8
lastlocation:
  world: plotworld
  x: 167.8557417647418
  y: 58.0
  z: -131.95860079752305
  yaw: 292.02106
  pitch: 17.459753
homes:
  aqua:
    world: plotworld
    x: 165.66564559199287
    y: 58.0
    z: -131.97451476267395
    yaw: 23.061523
    pitch: 5.891133
  lk:
    world: plotworld
    x: 181.9964625987544
    y: 65.0
    z: -131.0724523589015
    yaw: 277.8817
    pitch: 23.947912
logoutlocation:
  world: plotworld
  x: 178.79477875091936
  y: 65.0
  z: -79.81438312971095
  yaw: 189.854
  pitch: 2.7880309
money: '717872.93524305563'
