lastAccountName: leandronevescj
timestamps:
  login: 1493553881290
  kits:
    explorer: 1493553925696
    novato: 1493554497393
  lastteleport: 1493554737227
  logout: 1493554814718
ipAddress: 87.196.210.82
lastlocation:
  world: world
  x: 9260.674547271658
  y: 111.0
  z: 1559.6243906621228
  yaw: -7.343994
  pitch: 7.853378
logoutlocation:
  world: world
  x: 9454.042709379246
  y: 104.0
  z: -3202.593687102324
  yaw: 107.151855
  pitch: 63.205856
