lastAccountName: LeandroFD
timestamps:
  login: 1493587936988
  kits:
    explorer: 1493587982405
  lastteleport: 1493591894738
  logout: 1493591911429
ipAddress: 201.79.63.248
lastlocation:
  world: plotworld
  x: -39.09424071100445
  y: 65.0
  z: -348.22113215542765
  yaw: -181.80054
  pitch: 25.20008
money: '459811.1126612099'
logoutlocation:
  world: world
  x: 9400.158057639606
  y: 119.0625
  z: -1076.3428652243208
  yaw: -5.4372864
  pitch: 9.05437
