lastAccountName: HoriSoul987
timestamps:
  login: 1528848206860
  lastteleport: 1528842010945
  kits:
    villager: 1528839532653
  logout: 1528848243752
ipAddress: 177.55.41.203
lastlocation:
  world: world
  x: -395.0431647528015
  y: 48.0
  z: 53.06251079181801
  yaw: -116.63156
  pitch: 18.33173
logoutlocation:
  world: world
  x: -443.09359540925834
  y: 49.0
  z: 59.80489250197126
  yaw: -32.482178
  pitch: 20.431702
