lastAccountName: MatheusSenpai
timestamps:
  login: 1493664077510
  kits:
    explorer: 1493570144506
  lastteleport: 1493664635079
  logout: 1493664667804
ipAddress: 179.198.55.132
lastlocation:
  world: world
  x: 9398.628420567358
  y: 119.0
  z: -1068.6399971289811
  yaw: -282.48758
  pitch: 34.404377
logoutlocation:
  world: world
  x: 1606.300000011921
  y: 93.0
  z: -323.8588574997171
  yaw: 160.65001
  pitch: 20.4
