lastAccountName: The_doctor_9
timestamps:
  login: 1493593655211
  kits:
    pvp: 1493593746336
  logout: 1493594349398
ipAddress: 191.187.209.26
lastlocation:
  world: world
  x: -124.0
  y: 64.0
  z: -228.0
  yaw: 0.0
  pitch: 0.0
logoutlocation:
  world: world
  x: 9459.053857557512
  y: 103.0
  z: -3204.852440266749
  yaw: -271.38818
  pitch: 8.850003
