lastAccountName: yToddynhoPvP
timestamps:
  login: 1493603797413
  kits:
    explorer: 1493603845285
    novato: 1493604051685
  lastteleport: 1493604169216
  logout: 1493604237198
ipAddress: 189.40.62.56
lastlocation:
  world: world
  x: 424.52622047941344
  y: 29.0
  z: -2285.5004210507377
  yaw: 64.6317
  pitch: 14.5660715
logoutlocation:
  world: world
  x: 9454.509040522065
  y: 103.5
  z: -3205.5360170645604
  yaw: -140.11014
  pitch: 46.350006
