lastAccountName: zkevinskills_
timestamps:
  login: 1493666215028
  logout: 1493667746542
  lastteleport: 1493667123306
  kits:
    prata: 1493658870610
    ouro: 1493666424899
    explorer: 1493496287934
    recruta: 1493499356374
    iniciante: 1493499814396
    novato: 1493499219364
    bronze: 1493666704931
ipAddress: 189.102.131.39
lastlocation:
  world: plotworld
  x: 48.719025118414486
  y: 57.0
  z: 313.10460639390124
  yaw: 277.8856
  pitch: 14.40988
logoutlocation:
  world: world
  x: 9455.286554206818
  y: 102.5
  z: -3212.8247854000333
  yaw: -355.51636
  pitch: -5.550041
money: '726194.9088541663'
