lastAccountName: Builderzin_
timestamps:
  login: 1493144603652
  logout: 1493144628880
ipAddress: 186.232.130.223
logoutlocation:
  world: world
  x: 9454.790949616501
  y: 103.5
  z: -3205.5464966426916
  yaw: -343.53845
  pitch: 84.022896
money: '0.0'
