lastAccountName: JoaoNinguem_
timestamps:
  login: 1528824806316
  lastteleport: 1528642326485
  logout: 1528824810162
ipAddress: 177.97.250.59
lastlocation:
  world: world
  x: -394.2610359663906
  y: 48.0
  z: 62.64146716612456
  yaw: -90.0813
  pitch: -0.26828748
logoutlocation:
  world: world
  x: -419.91194963629664
  y: 48.0
  z: 40.091171995356184
  yaw: -254.4813
  pitch: 1.0817131
