lastAccountName: Silvaaabr_
timestamps:
  login: 1493658418512
  kits:
    explorer: 1493603060106
    novato: 1493604888142
  lastteleport: 1493603769550
  logout: 1493658426770
ipAddress: 177.19.28.105
lastlocation:
  world: world
  x: -3754.846311597847
  y: 125.0
  z: -3260.5495291770194
  yaw: 2.339284
  pitch: 6.604197
logoutlocation:
  world: world
  x: 9448.356348351967
  y: 103.0
  z: -3203.416790725314
  yaw: -271.83847
  pitch: 0.022902137
