lastAccountName: gato123pvp
timestamps:
  login: 1493669921761
  kits:
    explorer: 1493669958072
    pvp: 1493669969612
  lastteleport: 1493669989498
  logout: 1493670126270
ipAddress: 179.236.179.31
lastlocation:
  world: world
  x: 9451.030034592668
  y: 103.0
  z: -3205.1868279874484
  yaw: -84.30047
  pitch: 24.2477
logoutlocation:
  world: world
  x: 1792.0310713691329
  y: 79.0
  z: -313.44030703371726
  yaw: -7.518376
  pitch: 0.66152906
