lastAccountName: ThiagoOYT
timestamps:
  login: 1493677265000
  lastteleport: 1493661504567
  kits:
    vip: 1493660614858
    vipexplorer: 1493660580743
  logout: 1493677317033
ipAddress: 179.235.189.164
lastlocation:
  world: plotworld
  x: 111.27410859291872
  y: 65.0
  z: 156.65033643316482
  yaw: -158.66211
  pitch: 44.730576
logoutlocation:
  world: plotworld
  x: 90.95717430719266
  y: 65.0
  z: 192.78353285441676
  yaw: 12.670442
  pitch: -1.0654975
money: '5732730.640917599'
