lastAccountName: _gLadYT
timestamps:
  login: 1493492247649
  kits:
    explorer: 1493492263077
  logout: 1493492281148
ipAddress: 179.215.140.216
lastlocation:
  world: world
  x: -124.0
  y: 64.0
  z: -228.0
  yaw: 0.0
  pitch: 0.0
logoutlocation:
  world: world
  x: 9456.26026361332
  y: 104.0
  z: -3204.231912738386
  yaw: -89.52167
  pitch: 11.498029
