lastAccountName: InsideShop
timestamps:
  login: 1493178551195
  kits:
    explorer: 1493178571298
    pvp: 1493178566497
  lastteleport: 1493178678505
  logout: 1493178709409
ipAddress: 138.36.34.255
lastlocation:
  world: world
  x: 9276.699999988079
  y: 107.0
  z: 1558.699999988079
  yaw: -13.950006
  pitch: 34.50001
logoutlocation:
  world: world
  x: 9261.678424344218
  y: 111.0
  z: 1568.4060250634857
  yaw: -353.64417
  pitch: 23.7
money: '5831.443452380952'
