lastAccountName: ShadowBrPvP_
timestamps:
  login: 1493400389217
  kits:
    explorer: 1493400413021
    pvp: 1493400416436
  lastteleport: 1493400832476
  logout: 1493401119210
ipAddress: 186.212.108.223
logoutlocation:
  world: world
  x: 9450.339313810284
  y: 103.0
  z: -3202.4769444878375
  yaw: -195.45374
  pitch: 63.95593
lastlocation:
  world: world
  x: 1251.2090748914522
  y: 40.0
  z: -718.7448166571687
  yaw: 110.561325
  pitch: 3.733023
