lastAccountName: _JorgePvp_
timestamps:
  login: 1493583310988
  logout: 1493583431953
ipAddress: 2.83.136.79
lastlocation:
  world: world
  x: -124.0
  y: 64.0
  z: -228.0
  yaw: 0.0
  pitch: 0.0
logoutlocation:
  world: world
  x: 9465.576234321836
  y: 107.50133597911214
  z: -3194.256827353014
  yaw: -174.63867
  pitch: 31.372961
