lastAccountName: Meliodas_PvP
timestamps:
  login: 1493466727884
  kits:
    explorer: 1493463115545
  lastteleport: 1493466741183
  logout: 1493466750783
ipAddress: 85.243.248.177
lastlocation:
  world: world
  x: 2115.114734751317
  y: 56.5
  z: -2013.5120627989527
  yaw: 269.28076
  pitch: 2.4044523
logoutlocation:
  world: world
  x: 9272.652034728597
  y: 111.5
  z: 1576.9999348002723
  yaw: -157.70009
  pitch: 14.396452
