lastAccountName: Thebiel_
timestamps:
  login: 1493329888776
  lastteleport: 1493329922734
  logout: 1493330030574
ipAddress: 177.79.6.167
lastlocation:
  world: world
  x: 9440.05419725331
  y: 102.0
  z: -3203.2398687944556
  yaw: -271.83847
  pitch: 0.022902137
logoutlocation:
  world: world
  x: 2123.563046784071
  y: 56.0
  z: -2013.7671402859344
  yaw: 269.8951
  pitch: 20.836454
