lastAccountName: yG0dPvP
timestamps:
  login: 1493518851770
  kits:
    explorer: 1493482142204
    iniciante: 1493519567914
    novato: 1493519546705
  lastteleport: 1493524469328
  logout: 1493525001117
ipAddress: 200.102.44.200
lastlocation:
  world: plotworld
  x: -178.01491696798996
  y: 1.0
  z: -104.59931860128455
  yaw: 280.22412
  pitch: -41.66761
logoutlocation:
  world: plotworld
  x: -176.7399546355058
  y: 1.0
  z: -105.71300034899394
  yaw: 7.8342285
  pitch: 19.227785
