lastAccountName: Mr_MuSCL3
timestamps:
  login: 1493332399442
  logout: 1493332404599
ipAddress: 86.2.4.129
lastlocation:
  world: world
  x: -124.0
  y: 64.0
  z: -228.0
  yaw: 0.0
  pitch: 0.0
logoutlocation:
  world: world
  x: 9454.5651243116
  y: 102.5
  z: -3192.8462720752755
  yaw: -0.9
  pitch: 29.1
