lastAccountName: srlosteyy
timestamps:
  login: 1493639660580
  logout: 1493641480370
ipAddress: 189.5.225.121
lastlocation:
  world: world
  x: -124.0
  y: 64.0
  z: -228.0
  yaw: 0.0
  pitch: 0.0
logoutlocation:
  world: world
  x: 9445.341824725545
  y: 103.0
  z: -3207.699999988079
  yaw: -275.58856
  pitch: 24.772898
