lastAccountName: JVSniperBr
timestamps:
  login: 1493401171673
  kits:
    explorer: 1493401210830
  logout: 1493401289300
ipAddress: 177.21.38.18
lastlocation:
  world: world
  x: -124.0
  y: 64.0
  z: -228.0
  yaw: 0.0
  pitch: 0.0
logoutlocation:
  world: world
  x: 9458.699999988079
  y: 104.0
  z: -3199.300000011921
  yaw: 144.1115
  pitch: 51.472893
