lastAccountName: TodyG0D
timestamps:
  login: 1493593953968
  kits:
    explorer: 1493591097200
    soldado: 1493592248471
    bronze: 1493594049899
  lastteleport: 1493594464782
  logout: 1493594519740
ipAddress: 179.233.211.223
lastlocation:
  world: world
  x: 9456.167838720614
  y: 103.5
  z: -3203.67365176387
  yaw: -270.79614
  pitch: 53.430397
money: '113788.490203373025'
logoutlocation:
  world: plotworld
  x: 252.9302498099637
  y: 65.0
  z: -347.766500942257
  yaw: -249.37883
  pitch: 35.289104
