lastAccountName: yGalaxyG0D_
timestamps:
  login: 1493391381828
  kits:
    explorer: 1493391538307
    pvp: 1493391545511
  lastteleport: 1493391639588
  logout: 1493391819781
ipAddress: 177.7.111.112
lastlocation:
  world: world
  x: 9279.902887795519
  y: 111.0
  z: 1579.2216107335341
  yaw: -285.78046
  pitch: 38.22801
logoutlocation:
  world: world
  x: 1791.7989110196818
  y: 79.0
  z: -313.74207715813515
  yaw: -11.148133
  pitch: 1.8685224
