lastAccountName: PlayNox
timestamps:
  login: 1493582721626
  logout: 1493583735332
  kits:
    explorer: 1493582756119
  lastteleport: 1493583245894
ipAddress: 177.152.62.22
lastlocation:
  world: plotworld
  x: 34.03274657656634
  y: 65.0
  z: 2428.4439658595566
  yaw: 128.54993
  pitch: 25.399996
logoutlocation:
  world: plotworld
  x: 43.85896231863242
  y: 65.0
  z: 2428.241827064352
  yaw: -176.24997
  pitch: 6.0499897
money: '0.0'
