lastAccountName: SuperGamer2006
timestamps:
  login: 1493231885684
  logout: 1493232004116
  lastteleport: 1493231953897
  kits:
    explorer: 1493131497753
    pvp: 1493123159116
    novato: 1493132077149
ipAddress: 177.9.42.111
lastlocation:
  world: world
  x: 9456.854741484394
  y: 102.5
  z: -3208.3872082683843
  yaw: 221.51028
  pitch: 29.101006
logoutlocation:
  world: world
  x: 9279.699999988079
  y: 99.0
  z: 1571.300000011921
  yaw: 110.832306
  pitch: 35.176735
money: '16203.869047619048'
