lastAccountName: BAN
timestamps:
  login: 1493479390576
  logout: 1493479418692
ipAddress: 131.255.230.201
lastlocation:
  world: world
  x: -124.0
  y: 64.0
  z: -228.0
  yaw: 0.0
  pitch: 0.0
logoutlocation:
  world: world
  x: 9462.645605567644
  y: 104.1707870772188
  z: -3203.7916249390855
  yaw: -90.638245
  pitch: 27.6229
