lastAccountName: DrHarrys
timestamps:
  login: 1528774210289
  logout: 1528774278526
ipAddress: 201.11.235.242
lastlocation:
  world: world
  x: -414.4926697623483
  y: 51.0
  z: 59.5279402165941
  yaw: -90.0813
  pitch: -0.26828748
logoutlocation:
  world: world
  x: -417.06663830062996
  y: 52.0
  z: 64.82884064413925
  yaw: 149.38535
  pitch: 4.3446116
