lastAccountName: JoaoG0Dzin_
timestamps:
  login: 1492967222285
  kits:
    explorer: 1492967254470
    pvp: 1492967262070
  logout: 1492967299958
ipAddress: 201.43.142.9
lastlocation:
  world: world
  x: -124.0
  y: 64.0
  z: -228.0
  yaw: 0.0
  pitch: 0.0
logoutlocation:
  world: world
  x: 9459.50971845384
  y: 103.0
  z: -3203.2213727215817
  yaw: 52.8746
  pitch: 84.167206
money: '0.0'
