lastAccountName: LUCYago
timestamps:
  login: 1493489835775
  lastteleport: 1493490245068
  kits:
    explorer: 1493142266821
    pvp: 1493222760857
  logout: 1493490266654
ipAddress: 200.150.182.177
lastlocation:
  world: plotworld
  x: -78.92404842963977
  y: 62.0
  z: 22.95404174824045
  yaw: -30.749878
  pitch: 26.550072
money: '675571.0853620468'
logoutlocation:
  world: world
  x: -3743.300000011921
  y: 126.5
  z: -3256.2953496452087
  yaw: -296.31583
  pitch: 45.35042
