lastAccountName: erikmaciel
timestamps:
  login: 1493065016827
  logout: 1493065045878
ipAddress: 200.53.13.2
lastlocation:
  world: world
  x: -124.0
  y: 64.0
  z: -228.0
  yaw: 0.0
  pitch: 0.0
logoutlocation:
  world: world
  x: 9468.300000011921
  y: 104.0
  z: -3197.6071116321777
  yaw: 87.26151
  pitch: 36.17288
money: '0.0'
