lastAccountName: xDuzin
timestamps:
  login: 1493656790624
  kits:
    explorer: 1493474165395
    pvp: 1493476228763
    iniciante: 1493474931953
  lastteleport: 1493657875412
  logout: 1493658186482
ipAddress: 177.42.125.185
lastlocation:
  world: plotworld
  x: 38.68866459551117
  y: 65.0
  z: 2436.762499988079
  yaw: -1.6499997
  pitch: 52.649998
homes:
  home:
    world: world
    x: -884.3784799276095
    y: 102.0
    z: -1710.9252162364223
    yaw: 97.56122
    pitch: 11.099997
logoutlocation:
  world: world
  x: 1424.2688448012984
  y: 93.0
  z: -328.16380541169764
  yaw: -5.6999984
  pitch: 76.5
