lastAccountName: ygorbrfire
timestamps:
  login: 1492972979627
  logout: 1492973311112
ipAddress: 198.144.105.197
lastlocation:
  world: world
  x: -124.0
  y: 64.0
  z: -228.0
  yaw: 0.0
  pitch: 0.0
logoutlocation:
  world: world
  x: 9454.995379334892
  y: 102.78502770378924
  z: -3181.802400860653
  yaw: -5.4329834
  pitch: 61.17722
money: '0.0'
