lastAccountName: zKevinG0D_
timestamps:
  login: 1493433585573
  lastteleport: 1493433899106
  kits:
    explorer: 1493433684216
  logout: 1493434078138
ipAddress: 191.37.3.49
lastlocation:
  world: world
  x: 9450.849382347154
  y: 103.0
  z: -3205.4958298817933
  yaw: -289.20197
  pitch: 13.303066
logoutlocation:
  world: world
  x: 1760.5107005996401
  y: 79.0
  z: -316.304763552904
  yaw: -75.202354
  pitch: 8.329702
