lastAccountName: Gustavo_Plays
timestamps:
  login: 1493592595588
  kits:
    explorer: 1493592626105
    pvp: 1493592619801
  logout: 1493593946011
ipAddress: 168.232.4.62
lastlocation:
  world: world
  x: -124.0
  y: 64.0
  z: -228.0
  yaw: 0.0
  pitch: 0.0
logoutlocation:
  world: world
  x: 9455.610015586202
  y: 103.0
  z: -3199.2885812152012
  yaw: 109.72217
  pitch: 11.400937
