lastAccountName: Ricotarica
timestamps:
  login: 1493589956391
  kits:
    ouro: 1493222701005
    explorer: 1493054513731
    pvp: 1493054532331
    iniciante: 1493056215912
    novato: 1493055543991
  lastteleport: 1493321640021
  logout: 1493590018074
ipAddress: 201.23.157.209
lastlocation:
  world: plotworld
  x: -105.8424827885474
  y: 65.0
  z: 146.5854616230123
  yaw: 310.42374
  pitch: 10.353042
logoutlocation:
  world: plotworld
  x: 87.79431807880232
  y: 65.0
  z: -346.84808157659893
  yaw: 56.90434
  pitch: 11.647062
homes:
  jo_pro:
    world: plotworld
    x: 103.11619213864176
    y: 65.0
    z: -282.0081893308619
    yaw: -1.4793091
    pitch: -1.8840058
money: '216801.24906645622'
