lastAccountName: victorgamer43
timestamps:
  login: 1493631883514
  kits:
    prata: 1493594993253
    ouro: 1493596086111
    explorer: 1493592841787
    recruta: 1493594433343
    diamante: 1493599862300
    pvp: 1493599167169
    iniciante: 1493593594990
    novato: 1493593178606
    soldado: 1493594481172
    platina: 1493596093614
    bronze: 1493597249041
  lastteleport: 1493601620373
  logout: 1493631892714
ipAddress: 168.0.52.52
lastlocation:
  world: world
  x: 9454.5
  y: 102.5
  z: -3203.5
  yaw: -269.10977
  pitch: 83.40004
money: '4081309.7677951388'
homes:
  home:
    world: plotworld
    x: 35.37570134506883
    y: 65.0
    z: 2436.789554310841
    yaw: 0.0
    pitch: 11.0
  lapis:
    world: world
    x: 1297.9752343584785
    y: 79.5
    z: -319.68476228493614
    yaw: 106.761635
    pitch: -7.6159687
logoutlocation:
  world: world
  x: 9456.019231718199
  y: 103.5
  z: -3203.5081577729434
  yaw: -273.76282
  pitch: 0.21062513
