lastAccountName: LoobzIn
timestamps:
  login: 1493236777008
  logout: 1493237111424
  lastteleport: 1493229262312
  kits:
    pvp: 1493236793859
ipAddress: 177.189.143.251
logoutlocation:
  world: plotworld
  x: 279.39982746053715
  y: 65.0
  z: 589.3446361441546
  yaw: 137.25635
  pitch: -11.290892
money: '0.0'
lastlocation:
  world: world
  x: 9456.957851927253
  y: 107.0155550727022
  z: -3214.1102047989716
  yaw: -282.8208
  pitch: 31.308285
