lastAccountName: aBRzVraau
timestamps:
  login: 1493427657396
  kits:
    explorer: 1493427683764
  lastteleport: 1493427724443
  logout: 1493427754501
ipAddress: 187.102.78.115
lastlocation:
  world: world
  x: 1778.5
  y: 80.0
  z: -307.5
  yaw: 232.90175
  pitch: 1.0688434
logoutlocation:
  world: world
  x: 9287.78468214144
  y: 111.0
  z: 1585.423990327305
  yaw: -278.94452
  pitch: 7.7077184
