lastAccountName: StrollyTSG
timestamps:
  login: 1493409786596
  logout: 1493409797746
ipAddress: 179.235.225.35
lastlocation:
  world: world
  x: -124.0
  y: 64.0
  z: -228.0
  yaw: 0.0
  pitch: 0.0
logoutlocation:
  world: world
  x: 9458.515441377052
  y: 105.0
  z: -3219.9161413615625
  yaw: 191.55006
  pitch: 15.299989
