lastAccountName: zMysticHD
timestamps:
  login: 1493676941138
  logout: 1493677046324
  lastteleport: 1493677701669
  kits:
    gaia: 1493413356021
    diamante: 1492982887460
    explorer: 1493156569004
    farm: 1493247940185
    pvp: 1493343577077
    vipexplorer: 1492983054723
    novato: 1493412295891
ipAddress: 170.254.73.115
logoutlocation:
  world: world
  x: 9483.955920569444
  y: 101.5
  z: -3207.0510040792237
  yaw: 273.63434
  pitch: 7.355326
nickname: §3§l§nzMy§f§l§nstic
lastlocation:
  world: world
  x: 9454.0
  y: 100.0
  z: -3204.0
  yaw: 0.0
  pitch: 0.0
money: '2.0'
godmode: false
teleportenabled: true
homes:
  yt:
    world: world
    x: -2677.17832470455
    y: 109.0
    z: -1750.0807916395036
    yaw: -81.82526
    pitch: 35.023335
