lastAccountName: SpyLight
timestamps:
  login: 1493608132552
  logout: 1493608135404
ipAddress: 191.189.17.98
lastlocation:
  world: world
  x: -124.0
  y: 64.0
  z: -228.0
  yaw: 0.0
  pitch: 0.0
logoutlocation:
  world: world
  x: 9454.5
  y: 102.5
  z: -3203.5
  yaw: -3.3292804
  pitch: -9.23872E-8
