lastAccountName: swyziiitp
timestamps:
  login: 1493598349673
  kits:
    campeao: 1493498332457
    prata: 1493413549134
    ouro: 1493401846112
    explorer: 1492966852622
    diamante: 1493498363368
    recruta: 1493425094208
    pvp: 1493220761950
    bronze: 1493413584612
    platina: 1493509688691
    soldado: 1493425082754
    novato: 1493413536080
  lastteleport: 1493604317460
  logout: 1493604492376
ipAddress: 191.179.254.82
lastlocation:
  world: plotworld
  x: 94.60360259968695
  y: 65.0
  z: 175.8373240156173
  yaw: -354.34717
  pitch: -13.604244
money: '9278409.390004989'
logoutlocation:
  world: plotworld
  x: 98.09664533050977
  y: 65.60408037809304
  z: 2413.904062640428
  yaw: -180.72028
  pitch: 34.60087
homes:
  blaze:
    world: plotworld
    x: 32.699999988079085
    y: 65.5
    z: -111.0999520737414
    yaw: -291.88577
    pitch: 5.331897
  casa:
    world: plotworld
    x: 111.66528890018556
    y: 65.0
    z: 2438.117202905262
    yaw: -92.64981
    pitch: 18.452599
