jails: 
  1: 
    world: world
    x: 1177.2987769089418
    y: 41.0
    z: -2204.2031471557802
    yaw: -50.80835
    pitch: 6.66305
  2: 
    world: world
    x: 1766.699999988079
    y: 5.0
    z: -1924.699999988079
    yaw: 183.71948
    pitch: -2.4884338
