entrada:
  world: Arenas
  x: 217.59328611902578
  y: 173.0
  z: 545.5395194234353
  yaw: 269.90894
  pitch: 0.67085063
saida:
  world: Lobby
  x: -695.5
  y: 20.0
  z: 142.5
  yaw: 359.48938
  pitch: -11.041366
GuerreiroAtual: ZappyCraft02
