Pos1:
  world: Fight
  x: 0.4790724875634617
  y: 6.5
  z: 11.470674677851104
  yaw: -179.53514
  pitch: 2.1896613
Pos2:
  world: Fight
  x: 0.5064077998682472
  y: 6.5
  z: -14.451733452642266
  yaw: -359.38766
  pitch: 2.9302409
Camarote:
  world: Fight
  x: 0.31958203688010656
  y: 6.5
  z: 19.75101968499896
  yaw: 181.12193
  pitch: 6.633087
Saida:
  world: world
  x: -414.5
  y: 51.0
  z: 59.5
  yaw: -90.0813
  pitch: -0.26828748
