world: world
x: -420.43371483064493
y: 51.0
z: 59.50079867090038
yaw: 89.96733
pitch: -2.7079701
name: almas
