world: world
x: -2209.4649686839275
y: 89.0
z: -3032.5494609510383
yaw: 89.530396
pitch: -1.2634958
name: Almirante
