world: Arena
x: 341.4812459642884
y: 23.0
z: -735.5224306685949
yaw: 0.39142397
pitch: -4.131896
name: Arena
