world: Killer
x: 774.4745251961704
y: 4.0
z: -287.4806172331976
yaw: -180.5307
pitch: -1.8305417
name: ArenaP
