world: Mina
x: 1100.558359110178
y: 120.36153240446473
z: -1964.5198264913627
yaw: 90.18945
pitch: 0.836562
name: arenafps
