world: spawn
x: -1284.4241855459422
y: 13.0
z: -1740.463860857979
yaw: -267.89746
pitch: 16.350037
name: arenapvp
