world: world
x: 946.4508452652958
y: 80.0
z: -307.3709795227764
yaw: 179.88565
pitch: -0.071792126
name: Athena
