world: world
x: -5415.300000011921
y: 133.0
z: -3190.6849021413086
yaw: 89.24025
pitch: 1.8736326
name: Box
