world: world
x: 1518.5258443156263
y: 80.0
z: -307.30138114944566
yaw: 179.23334
pitch: 4.170706
name: Bronze
