world: Killer
x: 7.549144739738066
y: 36.0
z: 1.5271130861959081
yaw: 180.38379
pitch: 89.8942
name: Camarote
