world: world
x: 1258.4383769640513
y: 80.0
z: -307.30000001192093
yaw: 180.8647
pitch: 2.212617
name: Campeao
