world: world
x: 738.3758243494688
y: 80.0
z: -307.30000001192093
yaw: -179.05664
pitch: -0.071803786
name: Caos
