world: world
x: 1206.5216049548105
y: 80.0
z: -307.3327889848255
yaw: 178.58025
pitch: 2.212622
name: Capitao
