world: world
x: 1757.4525394958218
y: 49.0
z: -1663.83234431608
yaw: -2.1499634
pitch: 55.80002
name: Carvao
