world: world
x: 1154.3718472344312
y: 80.0
z: -307.30000001192093
yaw: 180.86472
pitch: 4.4970713
name: Coronel
