world: world
x: -389.48888163204936
y: 48.0
z: 54.54695401485604
yaw: 179.84479
pitch: 0.21964148
name: crates
