world: world
x: 842.4803990060177
y: 80.0
z: -307.3209694560809
yaw: 179.88565
pitch: 2.538982
name: Cronos
