world: world
x: 1310.694256183421
y: 80.0
z: -307.4268905050743
yaw: 179.5593
pitch: 5.80245
name: Diamante
