world: world
x: 768.1746561369864
y: 76.0
z: -1004.6001271791163
yaw: -269.92587
pitch: -3.536262
name: Drop
