world: world
x: -409.5174968426331
y: 48.0
z: 32.619427362621096
yaw: -91.14966
pitch: 0.21964952
name: drops
