world: world
x: -421.4615557744364
y: 48.0
z: 84.44958576284839
yaw: 89.68755
pitch: 0.7075861
name: dropsmob
