world: world
x: -401.5782312001837
y: 49.0
z: 73.01729393582698
yaw: -221.59004
pitch: 17.36187
name: encantar
