world: Lua
x: -21.5410724456635
y: 235.0
z: 30.578445294338227
yaw: -179.66266
pitch: 1.1317225
name: End
