world: world
x: -3743.300000011921
y: 127.0
z: -3256.503925679901
yaw: -270.66586
pitch: 2.000421
name: Farm
