world: world
x: 424.4968237685971
y: 30.0
z: -2285.300000011921
yaw: 179.98167
pitch: 3.7660654
name: Fps
