world: world
x: -406.46013859700673
y: 48.0
z: 32.408197980321745
yaw: -90.292885
pitch: 0.04909747
name: Fragmento
