world: world
x: -407.31430795855425
y: 48.0
z: 32.55655853572879
yaw: -90.37655
pitch: 1.9771115
name: Fragmentos
