world: world
x: 790.6345054765253
y: 80.0
z: -307.306044396013
yaw: -181.38052
pitch: 3.1916807
name: Gaia
