world: world
x: 1102.7149202219282
y: 80.0
z: -307.30836745817214
yaw: 179.8857
pitch: 1.2336075
name: General
