world: world
x: 998.4680979986081
y: 80.0
z: -307.30000001192093
yaw: 179.88567
pitch: 4.8234425
name: Hades
