world: world
x: 1674.4909650717418
y: 80.0
z: -307.30000001192093
yaw: 179.88623
pitch: 5.802446
name: Iniciante
