world: world
x: 767.5
y: 74.0
z: -1642.5
yaw: -90.60586
pitch: 3.7353966
name: KillerCamarote
