world: world
x: 1264.699999988079
y: 42.0
z: -712.5642345356952
yaw: 89.19179
pitch: -0.69113487
name: lojagod
