world: world
x: 2110.300000011921
y: 58.0
z: -2013.511792200456
yaw: 269.28076
pitch: 2.4044523
name: Loja
