world: Lua
x: -21.5176437974524
y: 235.0
z: 30.581306893306635
yaw: 179.7467
pitch: -0.66681504
name: Lua
