world: Mina
x: 919.5969473320466
y: 93.0
z: -784.4665068982979
yaw: -270.0715
pitch: -2.4780493
name: madeira
