world: world
x: 1050.4055389575892
y: 80.0
z: -307.30000001192093
yaw: 179.55933
pitch: 4.4970913
name: Marechal
