world: world
x: -6608.40131816024
y: 95.0
z: -3105.4240210445582
yaw: 89.03403
pitch: 2.6453617
name: Marinheiro
