world: world
x: 1778.5
y: 80.0
z: -307.5
yaw: 180.25175
pitch: 3.6188433
name: Membro
