world: spawn
x: -835.9551028170241
y: 41.0
z: -1717.391363071058
yaw: 1.950134
pitch: 13.349987
name: MinaD
