world: spawn
x: -910.8647541599894
y: 41.0
z: -1150.1719581668342
yaw: 2.8500226
pitch: 14.8499975
name: MinaM
