world: spawn
x: -910.5124058104931
y: 41.0
z: -1926.53655758446
yaw: -357.74835
pitch: 9.450058
name: MinaX
