world: spawn
x: -907.4249256328761
y: 41.0
z: -1361.8379285735778
yaw: 2.3996277
pitch: 9.150011
name: MinaP
