world: spawn
x: -908.6043726547556
y: 41.0
z: -1645.635729930012
yaw: 0.30012402
pitch: 7.350229
name: MinaT
