world: spawn
x: -837.018514881786
y: 41.0
z: -1645.6735465705385
yaw: -357.29712
pitch: 12.300176
name: MinaE
