world: spawn
x: -829.9359321954449
y: 41.0
z: -1433.0386727245245
yaw: 1.4996948
pitch: 12.599937
name: MinaH
