world: Mina
x: 834.4800843926201
y: 68.0
z: -1251.450489983697
yaw: -270.4352
pitch: -1.8151337
name: minaspider
