world: spawn
x: -908.6347830783533
y: 41.0
z: -1782.0558158107842
yaw: 1.8012661
pitch: 7.5000653
name: MinaV
