world: spawn
x: -823.9094858513621
y: 41.0
z: -1150.0355191593599
yaw: -359.0999
pitch: 7.3501754
name: MinaL
