world: spawn
x: -909.4195546006226
y: 41.0
z: -1222.3566283323794
yaw: -358.8006
pitch: 7.3500304
name: MinaN
