world: Mina
x: 610.4937407552561
y: 68.0
z: -1251.498893644055
yaw: -270.26862
pitch: -1.649387
name: minaenderdragon
