world: spawn
x: -907.489386440204
y: 41.0
z: -1502.5926863439295
yaw: 1.0506897
pitch: 11.699996
name: MinaR
