world: Mina
x: 706.5090627590022
y: 68.0
z: -1251.5059278551082
yaw: -270.4346
pitch: -2.3123305
name: minaguardian
