world: spawn
x: -833.7425782622911
y: 38.0
z: -1928.0038321182699
yaw: 0.45007667
pitch: 8.849991
name: MinaA
