world: Mina
x: 674.5091128802657
y: 68.0
z: -1251.486975096573
yaw: -270.2687
pitch: -1.815145
name: minairongolem
