world: Mina
x: 898.5569208670652
y: 69.0
z: -1251.5081180290454
yaw: -269.7721
pitch: -0.4892739
name: minavillager
