world: spawn
x: -825.6302479356989
y: 41.0
z: -1291.9124860614818
yaw: 2.5495892
pitch: 11.700031
name: MinaJ
