world: spawn
x: -908.6406101477742
y: 41.0
z: -1716.5004025703615
yaw: 0.9010865
pitch: 8.100012
name: MinaU
