world: spawn
x: -1002.7145853765055
y: 41.0
z: -1857.7065506245715
yaw: 0.74958354
pitch: 5.9999886
name: MinaZ
