world: Mina
x: 578.4968818723455
y: 68.0
z: -1251.4915303725847
yaw: -269.9372
pitch: -3.8039088
name: minaherobrine
