world: spawn
x: -1047.485857712985
y: 4.0
z: -1678.4086128895196
yaw: 4.053307
pitch: 5.4000273
name: MinaVip
