world: Mina
x: 642.5023549384506
y: 68.0
z: -1251.4634873772366
yaw: -270.103
pitch: -2.3123076
name: minawither
