world: spawn
x: -828.000646432666
y: 41.0
z: -1363.1968236924095
yaw: -1.2002558
pitch: 11.100056
name: MinaI
