world: spawn
x: -824.8763515117705
y: 41.0
z: -1221.604417700869
yaw: -359.85046
pitch: 9.600159
name: MinaK
