world: spawn
x: -908.7755736273301
y: 41.0
z: -1291.8101662007168
yaw: 359.9993
pitch: 6.75
name: MinaO
