world: spawn
x: -831.7239981085179
y: 41.0
z: -1502.8062077506227
yaw: 1.9509362
pitch: 12.300007
name: MinaG
