world: world
x: 3008.5
y: 49.0
z: -1758.5
yaw: 0.31072208
pitch: 1.6791892
name: MinaLog
