world: Mina
x: 866.4473271305318
y: 68.0
z: -1251.488034379127
yaw: -270.1037
pitch: -2.3123152
name: minazombie
