world: spawn
x: -834.6436633551723
y: 41.0
z: -1786.588700916923
yaw: -359.39984
pitch: 12.300012
name: MinaC
