world: Mina
x: 770.525881370521
y: 68.0
z: -1251.4349365257874
yaw: -269.93756
pitch: -2.643798
name: minaslime
