world: spawn
x: -1002.553835025806
y: 41.0
z: -1927.7277218872111
yaw: -358.49847
pitch: 7.950096
name: MinaY
