world: spawn
x: -907.7109424986411
y: 41.0
z: -1572.5385759945564
yaw: 3.0004156
pitch: 16.050182
name: MinaS
