world: Mina
x: 900.47217100096
y: 68.0
z: -1251.5444909015287
yaw: 90.18964
pitch: -1.3178679
name: mina
