world: spawn
x: -834.012962551201
y: 41.0
z: -1572.5524990948375
yaw: 1.500824
pitch: 12.150065
name: MinaF
