world: spawn
x: -908.6892075006681
y: 41.0
z: -1857.8397375675488
yaw: 0.90211165
pitch: 4.3500514
name: MinaW
