world: Mina
x: 1903.4761352447492
y: 89.0
z: -1260.5105102691934
yaw: 269.77768
pitch: 0.17366664
name: minapvp
