world: Mina
x: 802.5
y: 68.0
z: -1251.5
yaw: -270.10373
pitch: -2.1466107
name: minacreeper
