world: Mina
x: 738.4334886686962
y: 68.0
z: -1251.4974105437243
yaw: -270.43478
pitch: -1.9808211
name: minablaze
