world: spawn
x: -833.5
y: 41.0
z: -1857.5
yaw: -0.14966843
pitch: 10.499965
name: MinaB
