world: spawn
x: -907.0648974650849
y: 41.0
z: -1431.1981076460615
yaw: -0.9000244
pitch: 8.850099
name: MinaQ
