world: world
x: -422.6049229393542
y: 48.0
z: 84.62631359030756
yaw: 90.93479
pitch: 90.0
name: Mob
