world: world
x: -2677.5
y: 109.0
z: -1707.5
yaw: 180.46324
pitch: 3.191678
name: MundoYT
