world: world
x: -1314.4262301438778
y: 159.0
z: -5181.546466341037
yaw: 90.40512
pitch: 6.830517
name: MundoVip
