world: world
x: 1726.3596644691102
y: 80.0
z: -307.33794740843683
yaw: 180.86536
pitch: 3.6188478
name: Novato
