world: world
x: 1414.3622273380784
y: 80.0
z: -307.3633189550931
yaw: 179.55945
pitch: 3.5180013
name: Ouro
