world: world
x: -873.5
y: 95.0
z: -1716.5
yaw: 90.51132
pitch: -9.267451
name: Parkour
