world: world
x: -3967.4965954306494
y: 87.0
z: -3051.514538568229
yaw: 90.52304
pitch: -0.8289701
name: Pirata
