world: world
x: 1362.546964238012
y: 80.0
z: -307.30000001192093
yaw: 179.55936
pitch: 4.4970593
name: Platina
