world: world
x: 1466.5367542155343
y: 80.0
z: -307.30000001192093
yaw: 180.53857
pitch: 4.4970484
name: Prata
