world: world
x: -408.470495172231
y: 51.0
z: 59.50398621806926
yaw: -90.081314
pitch: -0.75622034
name: recompensa
