world: world
x: 1622.6227141765198
y: 80.0
z: -307.3011415696237
yaw: 179.55981
pitch: 4.497057
name: Recruta
