world: world
x: -4575.526618160067
y: 124.0
z: -2852.699999988079
yaw: 0.49490356
pitch: -0.49841726
name: Regras
