world: world
x: 1570.5825809657015
y: 80.0
z: -307.3002761293901
yaw: 179.73392
pitch: -1.2684553
name: Soldado
