world: world
x: -441.4054468168893
y: 48.0
z: 52.471366392340045
yaw: 179.4679
pitch: 2.0370817
name: spawners
