world: world
x: 830.5108702345229
y: 211.0
z: -4833.540145842335
yaw: -180.24133
pitch: 1.1999707
name: Staff
