world: world
x: 2057.538991067771
y: 48.5
z: -1664.699999988079
yaw: 2.3497925
pitch: 8.0669775
name: SupremoMaster
