world: PlotWorld
x: 0.5
y: 65.0
z: 0.5
yaw: -180.25366
pitch: -2.4046988
name: terrenos
