world: world
x: 894.5369311617385
y: 80.0
z: -307.34967048643415
yaw: 179.88567
pitch: 1.2335948
name: Zeus
